tail,head,optflow,unitcost,fixedcost
0,4,0,7.8575,1.3236
0,23,0,4.6274,4.7465
0,26,0,6.7012,3.0301
0,31,0,4.1797,1.2135
0,34,0,10.8078,2.4175
0,40,0,1.6392,2.7307
0,46,0,8.3092,9.5778
0,59,0,6.073,5.7574
0,60,0,2.0552,9.2245
0,61,0,7.7552,9.3937
0,65,0,7.3026,7.1065
0,66,0,5.5583,4.4488
0,84,0,7.5457,1.0871
0,85,0,10.0655,2.632
0,95,0,9.8045,10.5404
0,99,0,3.8106,1.6844
0,110,0,1.5225,9.3167
0,114,0,5.7342,6.775
0,132,0,5.1021,10.7012
0,145,0,7.3796,1.1887
0,147,8,2.8196,3.7873
0,154,0,9.3411,1.8651
0,161,0,8.0626,2.6088
0,162,0,3.1746,9.5505
0,173,9,4.4426,1.0012
0,186,0,3.1954,4.8083
0,195,0,2.2385,7.4273
1,3,0,1.7351,6.2212
1,7,0,7.9391,4.2551
1,17,0,4.3145,10.5312
1,27,0,10.8317,1.4588
1,42,0,1.3833,3.3098
1,52,0,4.1237,10.1707
1,64,0,7.7808,4.0346
1,67,0,9.2202,1.0306
1,71,0,3.9255,3.2325
1,80,0,9.8575,6.9889
1,81,0,10.0724,2.4523
1,94,0,8.0472,6.8439
1,97,0,3.7088,8.1396
1,108,0,9.5655,6.2748
1,109,0,5.3301,8.033
1,115,0,10.6618,9.1214
1,116,0,3.4562,1.6531
1,119,9,2.5176,4.4135
1,125,0,7.7649,7.9353
1,134,0,4.3027,1.1108
1,139,0,4.8639,5.0149
1,152,0,2.2689,6.9913
1,157,0,1.6092,10.3927
1,160,0,10.8368,2.5865
1,170,0,4.0347,8.4259
1,182,0,8.7824,8.4699
1,185,0,8.3227,1.6206
1,188,0,3.1741,10.404
2,8,0,4.5099,8.1465
2,14,0,3.6411,5.0033
2,22,0,6.1598,6.6009
2,32,0,7.4548,3.1642
2,38,0,10.2484,4.1909
2,39,0,2.858,2.9307
2,41,0,4.0471,5.6118
2,44,0,6.3138,5.3415
2,45,0,3.9458,5.2634
2,47,0,10.4234,6.4237
2,68,0,10.6693,7.3579
2,74,0,10.7311,8.6999
2,82,0,7.544,9.9165
2,86,0,4.4236,3.2607
2,92,0,2.605,10.3702
2,96,0,9.1564,8.9552
2,101,0,9.027,7.3103
2,105,0,2.5737,1.0562
2,107,0,3.7049,8.9678
2,121,0,4.7901,6.5195
2,133,0,10.0464,3.1504
2,144,0,1.7179,4.4168
2,169,0,8.2605,7.6239
2,175,0,5.49,1.6575
2,189,0,8.9396,8.3809
2,193,0,9.3551,4.9264
3,1,0,3.105,8.4835
3,7,0,7.7305,9.4579
3,17,0,7.2515,9.5095
3,27,0,7.6748,2.9636
3,42,0,2.9269,5.4011
3,52,0,3.208,2.7893
3,55,0,2.3121,9.5282
3,62,0,3.9941,4.7187
3,64,0,5.352,2.5834
3,67,0,2.7256,2.5809
3,73,0,4.6944,9.4379
3,80,0,7.4535,2.6448
3,94,0,5.5026,10.1826
3,97,0,8.0925,9.2097
3,108,0,5.0298,8.4403
3,119,10,9.1283,1.2462
3,127,0,1.6287,7.459
3,134,0,2.0971,4.0027
3,152,0,2.0573,8.1965
3,157,0,8.3549,2.0095
3,159,0,9.4469,7.4753
3,170,0,4.4152,9.1122
3,182,0,6.9798,4.4319
3,185,0,3.3866,4.3896
3,186,0,6.6159,9.611
3,188,0,7.5493,7.8752
4,0,0,10.8289,5.0463
4,23,0,2.538,8.3641
4,26,0,9.7234,7.6954
4,34,0,2.8833,7.6503
4,49,0,10.4976,8.2436
4,51,0,8.2159,6.8768
4,59,0,1.1947,4.001
4,60,0,4.2423,1.7865
4,65,0,9.2851,10.696
4,72,0,9.1602,7.8604
4,73,0,10.1685,2.425
4,79,0,8.0206,3.7215
4,95,0,8.6309,6.7588
4,99,0,7.7864,7.0857
4,110,13,1.4146,9.1488
4,118,0,8.2721,10.2692
4,127,0,9.9647,7.2774
4,147,0,9.222,9.7069
4,148,16,2.9066,1.8906
4,151,0,6.074,8.1856
4,154,0,9.5467,6.2192
4,159,0,8.8376,10.6325
4,162,0,3.3858,8.9639
4,163,0,9.5282,7.387
4,178,0,10.1528,5.1679
4,186,0,9.5484,10.0609
4,196,0,5.0756,8.1517
5,7,5,9.2648,2.3154
5,27,12,5.9497,4.9072
5,34,26,2.3959,3.3817
5,56,27,2.6129,9.677
5,59,0,7.0909,9.4988
5,65,0,7.9473,1.7754
5,73,18,8.232,1.3306
5,80,7,8.6472,8.5386
5,85,27,2.4461,5.8387
5,110,0,7.3312,3.8143
5,120,5,6.6049,4.9533
5,127,0,10.3488,8.1654
5,145,0,2.0982,7.2388
5,157,22,8.0761,6.1487
5,159,3,5.8624,5.621
5,173,0,9.0741,3.3934
5,176,0,9.3065,5.0979
5,177,0,9.326,2.8399
5,186,0,6.2057,3.3061
6,13,0,2.4108,5.1097
6,15,24,9.7398,6.6553
6,25,0,5.1134,1.9882
6,36,0,4.4424,2.9028
6,76,0,6.22,1.0323
6,83,0,9.0014,6.0531
6,84,0,9.8591,4.6381
6,103,0,4.5619,7.717
6,114,0,9.1164,7.6254
6,124,0,10.2686,3.0995
6,128,0,5.4688,7.9045
6,131,0,8.9036,6.9681
6,132,0,2.6396,5.0837
6,161,0,5.8128,6.5839
6,173,0,9.5807,3.8032
6,174,0,3.0014,5.2914
7,1,0,1.8862,4.9531
7,3,0,6.9802,8.2378
7,5,0,2.2577,3.6428
7,17,0,5.4726,1.6872
7,27,0,9.6659,5.8439
7,42,0,7.4479,10.5023
7,52,0,7.732,2.4057
7,55,0,7.1406,1.2949
7,62,0,4.0837,1.7881
7,67,0,6.9933,4.3637
7,73,0,5.9586,5.2161
7,80,0,2.0803,4.1641
7,94,0,7.5575,3.7281
7,116,0,7.5078,7.0236
7,119,29,2.9513,7.6656
7,127,0,1.1997,8.8807
7,134,0,10.388,4.5748
7,152,0,6.9024,6.9666
7,157,0,6.7715,2.5728
7,159,0,2.8086,3.3977
7,170,0,1.729,2.9187
7,176,0,7.007,1.8066
7,177,0,7.6655,7.151
7,182,0,4.9475,5.8653
7,185,0,8.4756,10.3571
7,186,0,3.4541,9.5505
7,188,0,7.0548,6.6454
8,2,0,10.3969,6.0517
8,22,0,7.8078,7.8134
8,38,0,4.7742,1.2179
8,47,0,1.2626,2.2241
8,63,0,6.416,3.1622
8,64,0,8.5184,3.199
8,71,14,1.9037,6.9711
8,74,0,10.4801,7.9374
8,92,0,3.4404,7.2494
8,108,0,5.0713,8.9872
8,125,0,10.1761,5.9043
8,139,0,8.8609,8.8052
8,144,0,4.9535,9.3275
8,153,0,10.6022,6.7507
8,160,0,10.0714,4.2155
8,169,0,7.8102,5.6067
8,175,0,3.2383,2.0408
8,185,0,3.529,7.1348
8,189,0,8.0245,4.2997
9,21,0,4.2994,9.8024
9,28,0,3.5668,10.1742
9,33,0,4.5049,5.8012
9,40,0,7.5069,4.9292
9,46,14,1.2313,2.8459
9,48,0,7.6965,8.3854
9,49,0,3.2588,6.4915
9,60,0,2.166,5.64
9,61,5,2.2475,5.0781
9,66,0,3.5464,7.8146
9,70,0,10.5039,7.1384
9,72,0,10.1371,4.0681
9,88,0,7.6486,7.8415
9,90,0,6.0499,9.8216
9,95,0,9.3928,7.8785
9,99,0,7.8244,10.9705
9,141,0,5.2359,10.1841
9,150,0,5.7221,8.4242
9,158,0,9.4965,4.4049
9,162,0,5.1937,3.5389
9,165,0,8.9247,9.6474
9,194,0,3.6181,4.8994
9,195,0,6.8601,10.7305
10,12,0,3.8166,7.7057
10,14,0,8.806,9.8061
10,29,14,2.5185,10.9967
10,30,0,3.1475,8.1694
10,35,0,4.4257,6.2469
10,44,0,8.9695,4.0013
10,68,0,5.4637,1.1277
10,69,0,10.5299,3.8864
10,100,0,2.0186,7.6006
10,101,0,4.7431,1.7891
10,102,0,3.1365,1.6179
10,104,0,5.3445,4.9256
10,123,0,8.6809,1.3441
10,126,0,5.6099,1.9779
10,149,0,8.6622,2.971
10,167,0,2.0511,9.297
10,191,0,8.8528,6.8642
10,197,0,7.6293,4.1247
11,15,4,1.3735,6.4191
11,56,0,9.2893,9.4011
11,89,0,9.9156,7.3363
11,120,0,7.631,7.9361
11,168,0,2.5884,8.4529
11,176,0,4.698,7.6846
11,177,0,4.7421,3.6844
11,179,0,1.6834,1.6291
12,10,11,1.46,7.8925
12,30,0,7.6684,4.4826
12,35,0,7.4029,6.8184
12,75,0,8.0041,10.3599
12,100,0,6.0854,8.4243
12,102,0,6.1176,1.3108
12,126,0,7.0576,7.1038
12,149,0,10.3006,8.6067
12,167,0,6.5798,7.6634
12,172,0,1.4667,5.5973
12,180,0,6.6449,4.9748
12,187,0,9.9541,4.6844
12,197,0,10.4146,9.2652
12,198,0,9.2358,1.5245
13,6,0,4.9114,1.0981
13,19,0,5.0274,6.9531
13,25,0,9.3123,10.0459
13,31,0,3.9975,10.6666
13,36,0,6.6711,5.5945
13,40,0,1.0779,4.0489
13,46,0,1.5359,4.6125
13,48,0,2.7812,5.1783
13,76,0,6.2802,10.6375
13,77,0,8.6751,7.6761
13,83,0,1.9634,4.2053
13,84,0,10.7476,6.3379
13,85,0,6.737,10.4101
13,114,0,9.9225,3.2714
13,128,0,5.9597,10.6115
13,131,0,3.6627,2.19
13,132,0,9.883,3.231
13,145,0,10.9094,2.721
13,161,0,4.5365,1.9957
13,164,0,6.063,7.5636
13,174,0,1.8804,8.2201
13,184,0,8.6407,1.1926
14,2,0,4.5993,1.6802
14,10,0,5.6517,3.8163
14,22,0,4.9031,7.2751
14,29,0,10.3962,10.6208
14,35,0,7.3165,8.1466
14,39,0,4.8886,6.4932
14,44,0,5.0827,1.9402
14,45,0,5.2348,10.5475
14,68,0,8.7876,7.2673
14,69,0,9.4339,10.0386
14,96,0,4.5072,9.3239
14,100,0,3.3772,1.0808
14,101,0,5.5918,10.9546
14,104,0,6.2571,5.5512
14,105,0,9.9213,2.4637
14,107,0,6.5018,4.4836
14,111,0,9.9088,7.1972
14,121,0,10.9184,7.0386
14,123,0,2.4363,7.1893
14,133,0,7.017,8.5669
14,149,0,9.8814,4.3869
14,171,0,10.3194,3.2384
14,189,0,2.2777,5.0098
14,191,0,2.3589,1.1829
14,193,0,2.6135,4.2365
14,197,0,2.5529,8.6276
15,6,0,9.3115,10.2932
15,11,0,6.8616,10.8731
15,36,0,6.3361,8.4983
15,56,0,7.7415,10.994
15,89,0,5.7991,8.3213
15,103,0,5.2117,4.5427
15,124,0,1.6652,8.5191
15,174,0,1.1989,7.5771
16,18,0,1.4341,9.4673
16,19,0,6.3086,5.4523
16,25,0,4.2883,8.5467
16,37,0,7.6275,1.3706
16,77,0,10.5327,3.3581
16,128,0,1.2849,1.3559
16,130,0,1.2182,10.285
16,155,0,5.5325,8.9217
16,164,0,4.0767,7.0624
16,184,0,2.9952,1.9106
17,1,0,9.8104,8.4602
17,3,0,5.0332,8.1886
17,7,0,6.9181,7.5944
17,27,0,6.2874,10.244
17,42,0,8.6926,2.3317
17,52,0,5.878,2.1948
17,64,0,2.3438,2.9605
17,67,0,6.8515,4.2662
17,80,0,2.082,2.635
17,81,0,7.3805,7.4586
17,94,0,2.3161,6.2942
17,97,0,3.2548,7.2534
17,109,0,9.5438,4.166
17,115,0,9.992,9.9042
17,116,0,5.6456,4.538
17,119,0,7.9385,5.0412
17,152,0,4.1118,10.4621
17,157,0,7.6512,2.4909
17,170,0,2.4623,3.0087
17,182,0,6.3247,5.3415
17,185,0,1.1077,7.4548
17,188,0,2.4303,8.7012
18,16,8,9.0739,9.9071
18,19,0,10.0889,2.8658
18,25,0,4.8701,5.5873
18,37,0,5.289,8.258
18,77,0,1.2963,9.4881
18,128,0,10.277,8.0757
18,130,0,3.9408,9.8842
18,155,0,2.8181,7.8972
18,164,0,10.0198,9.6099
18,184,0,7.8881,9.3922
19,13,0,4.6002,6.8206
19,16,0,10.9078,1.6282
19,18,0,10.0877,6.4887
19,25,10,2.2657,9.5961
19,37,0,4.4327,4.3977
19,77,9,1.0967,2.4429
19,83,0,3.1982,5.1054
19,84,0,1.8663,1.7412
19,128,0,4.3274,9.8575
19,130,0,9.4974,6.3959
19,131,0,2.882,1.9821
19,155,0,1.6573,6.0549
19,164,0,6.6236,7.1235
19,184,0,4.0062,5.507
20,32,0,5.2995,5.166
20,82,0,10.7428,2.9029
20,107,0,6.7798,2.8137
20,111,0,10.0636,7.6467
20,121,0,6.345,6.1737
20,133,0,10.8823,10.5379
20,135,0,7.4768,10.7914
20,193,0,10.2308,10.6071
21,9,0,2.1029,9.2676
21,28,0,7.3835,1.2952
21,33,0,8.0333,1.7242
21,46,0,6.3238,2.3442
21,48,16,1.9095,9.2794
21,53,0,7.2218,2.9591
21,57,0,1.0844,8.2031
21,60,0,8.6811,10.124
21,61,0,2.5904,8.5533
21,66,0,5.4228,8.9221
21,70,0,8.3878,10.6432
21,88,0,8.6681,4.283
21,90,0,4.5096,4.2585
21,141,0,4.3148,5.6622
21,142,0,7.7823,5.2112
21,150,0,2.3593,10.0018
21,165,0,1.6963,8.5005
21,192,10,3.0892,5.536
21,194,0,3.5632,8.119
21,195,0,4.7555,5.8053
22,2,0,8.7451,1.903
22,8,0,3.255,5.2996
22,14,0,3.3697,9.8956
22,32,0,7.8495,10.7499
22,38,0,4.4043,3.7043
22,39,0,8.8533,3.5728
22,41,0,4.2994,2.2659
22,45,0,3.3744,6.7486
22,47,0,3.2949,10.5927
22,63,0,9.1548,4.7119
22,68,0,4.487,4.7991
22,74,12,1.524,6.1803
22,82,0,7.8273,7.0483
22,86,0,8.3356,9.7004
22,92,0,5.9085,2.6
22,96,0,2.1507,6.8995
22,101,0,5.4095,10.7132
22,105,0,2.1264,6.9748
22,107,0,4.9447,10.0005
22,121,0,9.9443,7.35
22,133,0,8.7322,3.5919
22,144,0,10.5167,8.0392
22,169,0,4.6897,1.0926
22,175,0,5.4222,4.2078
22,189,0,10.6604,9.9662
22,193,0,8.0707,6.0304
23,0,0,4.0955,5.4842
23,4,0,10.7215,1.1773
23,26,0,6.9278,4.4659
23,34,0,1.2423,9.4256
23,41,0,6.1486,7.222
23,49,0,2.4563,1.7927
23,51,0,3.1757,6.4628
23,55,0,7.4303,4.2426
23,59,0,8.2472,1.3945
23,60,0,2.5452,4.6794
23,65,0,8.9177,3.5071
23,72,0,1.6545,10.6596
23,73,23,5.8592,4.9883
23,79,0,6.4277,1.2847
23,95,0,7.2337,6.1573
23,99,0,7.7753,6.2034
23,110,0,10.7447,8.1421
23,118,0,4.1567,10.8128
23,127,0,9.8639,3.6414
23,134,7,2.6778,1.7153
23,147,4,2.038,2.2294
23,148,0,9.4482,8.8131
23,151,0,3.3803,2.4619
23,154,0,8.0139,5.5988
23,156,0,3.69,9.4887
23,159,0,7.6899,5.1183
23,162,0,2.4037,1.5522
23,163,0,4.3224,3.4132
23,178,0,9.5889,1.6939
23,186,0,4.0263,9.7168
23,196,0,1.7272,9.6112
24,54,0,4.9377,6.5946
24,91,0,3.465,5.6946
24,117,0,4.7739,8.9014
24,122,0,10.9143,1.3033
24,129,0,10.4371,10.5569
24,143,0,3.9916,9.0427
24,146,0,3.4448,3.8679
24,183,0,1.5021,9.0275
25,6,0,2.5306,1.693
25,13,0,3.3328,10.4901
25,16,28,1.084,1.8199
25,18,0,7.5406,1.8085
25,19,0,7.9258,1.5847
25,37,0,10.7211,6.1508
25,76,0,6.6301,8.8449
25,77,0,7.253,9.4134
25,83,0,5.2644,2.0083
25,84,0,6.336,1.5183
25,124,0,10.6442,10.8204
25,128,0,6.4742,2.6694
25,130,0,8.6855,9.1234
25,131,0,9.5779,4.7364
25,132,0,3.786,4.0397
25,161,0,2.4877,5.8131
25,164,0,4.6806,4.1568
25,184,0,2.4051,8.0823
26,0,0,4.3099,2.6462
26,4,0,9.8706,6.9922
26,23,0,9.5797,10.7456
26,34,0,7.8482,1.5224
26,49,0,10.3061,6.3525
26,51,0,9.9413,5.6004
26,59,0,6.8455,10.1557
26,60,0,3.6117,10.8255
26,65,0,7.8627,4.6086
26,72,0,6.1884,3.5576
26,73,0,8.9128,10.7483
26,79,2,1.8811,2.3599
26,95,0,2.4395,10.1492
26,99,0,8.9047,9.7346
26,110,0,3.0222,5.4452
26,118,0,3.0142,2.6632
26,127,0,9.0172,3.5434
26,147,0,8.547,8.9739
26,148,0,7.7537,5.0429
26,151,0,2.2101,3.0183
26,154,0,8.4224,7.51
26,158,0,5.6479,9.081
26,159,16,4.8393,6.5728
26,162,0,8.8236,6.8001
26,163,0,5.5073,10.1865
26,165,0,4.5148,10.8804
26,178,0,8.058,8.3486
26,186,13,1.935,6.8098
26,196,0,4.8613,4.5071
27,1,0,10.4819,6.0349
27,3,0,2.491,10.5613
27,5,0,3.9642,10.0551
27,7,0,4.1146,8.5215
27,17,0,1.1601,7.1013
27,42,0,7.3552,10.5728
27,52,0,2.3882,9.0594
27,56,0,4.6784,9.8954
27,67,0,6.8857,6.1765
27,73,0,2.9014,8.5478
27,80,0,5.4736,5.9993
27,94,0,2.7264,5.5036
27,97,0,10.5982,8.8445
27,116,0,9.9105,7.343
27,119,0,8.7587,10.0279
27,120,0,8.2612,8.1716
27,127,0,10.9275,6.1793
27,152,0,1.3153,7.2034
27,157,0,10.8564,10.2426
27,166,0,4.2623,5.3282
27,168,0,10.9573,8.1388
27,170,0,3.2594,8.1373
27,176,0,4.2097,2.6112
27,177,0,9.9631,6.7795
27,179,0,3.2371,10.1909
27,182,0,2.2507,8.9758
27,186,0,7.3348,6.5903
27,188,12,1.8313,5.7265
28,9,0,10.2679,2.8806
28,21,0,2.0839,5.336
28,40,0,7.6557,8.2725
28,46,0,9.4832,1.1641
28,48,0,6.3557,4.7465
28,57,0,4.1946,9.1255
28,60,0,8.3508,6.8421
28,61,0,9.869,4.3373
28,66,0,9.5016,6.7741
28,70,0,7.5508,6.7722
28,88,0,7.0833,9.9497
28,90,0,3.5498,4.64
28,99,0,5.6798,8.225
28,141,0,7.9402,7.5925
28,150,0,8.0614,7.0503
28,165,0,1.7863,4.1658
28,192,0,9.2408,9.0966
28,194,0,8.9523,9.1772
28,195,0,9.7418,5.8697
29,10,0,10.3692,1.5775
29,14,0,1.0081,10.6395
29,30,0,8.0676,7.062
29,35,0,8.0858,5.2918
29,44,0,4.6135,7.4406
29,58,0,8.8493,4.272
29,68,0,3.1712,5.8501
29,75,0,8.8316,5.3768
29,79,0,1.6066,10.0436
29,87,0,3.5034,4.4569
29,100,0,4.8862,2.7482
29,101,0,10.5266,8.1962
29,102,0,6.6669,7.7601
29,104,0,4.3253,8.7841
29,105,0,2.2624,9.9344
29,123,0,1.4511,10.593
29,126,0,5.0676,9.1606
29,149,0,4.7248,9.4191
29,167,0,1.0632,9.0696
29,171,0,7.0257,2.958
29,180,0,6.1785,9.8208
29,197,0,10.8713,7.6244
30,10,0,8.9755,6.6397
30,12,0,9.7469,1.71
30,29,0,9.1587,2.5421
30,35,0,3.3128,3.4744
30,69,0,9.7166,9.4497
30,100,0,8.637,9.9493
30,102,0,2.7096,1.6208
30,123,0,8.5457,3.3925
30,126,0,9.2646,9.324
30,149,0,7.7743,5.2574
30,167,0,2.4813,3.6681
30,172,0,3.011,2.8779
30,180,0,1.6353,1.0697
30,191,0,7.2805,1.1493
30,197,0,5.5007,7.7929
31,0,0,3.8358,10.8084
31,13,0,3.623,10.97
31,34,0,8.4845,2.9173
31,36,0,5.9066,8.9517
31,40,0,7.827,5.7997
31,46,0,1.3695,3.081
31,48,0,2.0383,5.9172
31,59,0,7.1301,7.7966
31,61,0,7.3905,10.5018
31,65,0,4.6041,5.6993
31,66,0,6.3761,10.4315
31,76,0,7.1576,3.2383
31,84,0,1.2926,5.4545
31,85,12,1.0856,3.1031
31,95,0,5.3302,8.2259
31,99,0,2.0667,5.3083
31,110,0,7.6188,9.6038
31,114,15,2.6321,1.9435
31,131,0,4.0051,5.7943
31,132,0,4.6159,6.8549
31,141,0,9.1332,10.7012
31,145,0,4.4365,5.1593
31,161,0,10.1288,9.3472
31,162,0,4.3521,6.0052
31,173,0,10.2813,7.3488
31,195,0,3.5664,2.8236
32,2,0,2.9846,9.9813
32,20,0,6.0875,1.8695
32,22,0,4.1714,2.7607
32,82,0,4.0328,6.6546
32,96,0,5.504,9.4224
32,107,0,9.8607,8.109
32,111,0,5.8609,5.292
32,121,0,5.6816,9.6345
32,133,0,10.6303,8.1799
32,135,0,7.1372,2.9308
32,189,0,6.7462,4.4985
32,193,0,3.8661,8.8509
33,9,0,7.5847,9.2945
33,21,0,4.8987,9.4452
33,49,0,6.3379,6.3422
33,50,0,1.8448,5.9261
33,53,0,7.9457,7.0882
33,58,0,9.1304,9.1694
33,60,0,8.0353,6.8748
33,72,0,10.0839,7.9304
33,75,0,3.0348,3.4005
33,87,0,3.4374,7.5946
33,88,0,3.8018,2.0543
33,98,0,3.0818,2.3596
33,106,0,1.67,3.8214
33,118,0,8.1956,3.1369
33,138,0,4.2919,7.5119
33,142,0,6.6249,7.7981
33,150,0,1.4001,2.5245
33,158,0,3.0466,3.5748
33,165,0,1.9005,7.0974
33,194,0,1.5824,2.1042
34,0,0,3.5659,10.8611
34,4,0,1.8466,1.4698
34,5,0,2.1285,2.0828
34,23,0,7.8329,9.7361
34,26,0,9.4587,10.863
34,31,0,7.3359,1.2576
34,40,0,6.6336,6.6013
34,59,0,8.8355,8.6196
34,61,0,8.6918,7.5258
34,65,0,8.3104,9.4446
34,85,0,5.7049,3.6133
34,95,0,4.8162,10.5783
34,99,0,5.8551,8.9792
34,110,13,1.2787,5.3371
34,127,0,7.7943,7.2699
34,132,0,6.4937,4.2468
34,145,0,6.685,4.3538
34,147,11,1.5669,7.2669
34,151,0,10.204,4.1091
34,154,0,1.8572,2.5125
34,162,0,2.8715,7.6375
34,163,0,8.6493,9.8446
34,173,0,6.914,4.882
34,186,18,3.2414,4.7222
35,10,0,9.3407,3.8639
35,12,0,3.9066,4.1963
35,14,0,2.259,9.1808
35,29,0,7.4276,10.2027
35,30,0,4.0607,8.6068
35,44,0,10.4073,3.0791
35,50,0,1.2564,9.761
35,75,0,8.7167,9.3778
35,87,0,2.0933,1.8871
35,100,0,5.1713,1.0102
35,102,0,8.272,5.8063
35,104,0,2.5904,4.278
35,126,0,1.1758,3.5268
35,149,0,1.9481,7.7357
35,167,0,6.5869,7.8853
35,171,0,1.8161,2.8491
35,172,0,6.5783,2.7954
35,180,0,10.6065,8.4235
35,187,0,8.4018,5.1654
35,197,0,7.9219,2.1542
35,198,0,2.4645,3.4135
36,6,0,7.3596,3.2222
36,13,0,10.0789,9.3522
36,15,0,10.593,6.1254
36,31,0,6.1191,8.767
36,65,0,4.5343,4.7701
36,76,0,9.4608,6.051
36,83,0,6.1725,4.3379
36,84,0,8.6431,10.4312
36,85,0,6.906,3.8025
36,103,0,8.8765,4.4826
36,114,0,4.0191,9.1179
36,124,0,9.1737,1.1752
36,131,0,3.5788,2.3646
36,132,0,10.175,9.6887
36,145,0,8.7004,7.0952
36,161,0,10.1001,4.6477
36,173,0,9.9546,1.7755
36,174,0,4.0554,5.1793
37,16,0,8.4121,5.6463
37,18,0,5.667,3.6036
37,19,0,9.2859,4.8608
37,25,0,5.0503,2.0921
37,77,0,3.3007,6.3468
37,128,0,10.2836,10.2771
37,130,0,2.4455,7.4905
37,184,0,10.3299,9.2062
38,2,0,6.7101,2.3142
38,8,14,1.2748,5.2474
38,22,0,2.6294,6.0489
38,39,0,4.2678,2.9096
38,41,0,9.603,7.02
38,45,0,4.6683,7.4564
38,47,0,8.6618,2.6181
38,62,0,3.0207,3.2063
38,63,0,5.4207,6.6049
38,64,0,9.0878,10.4808
38,71,0,6.4042,8.6737
38,74,0,2.4462,9.5547
38,82,0,6.9452,9.9073
38,86,0,8.1893,3.493
38,92,0,6.4038,3.5103
38,96,0,6.5994,1.4827
38,108,0,9.6926,7.4321
38,121,0,4.8286,4.1573
38,144,0,9.632,8.1813
38,148,0,10.0067,8.6427
38,153,0,1.3943,6.24
38,156,0,10.2006,4.5486
38,160,0,6.7011,6.1249
38,169,0,9.1451,8.2591
38,175,0,1.0999,9.0848
38,189,0,5.1748,3.4642
39,2,0,7.5792,1.4255
39,14,0,4.2977,1.0649
39,22,12,3.3899,1.9026
39,38,14,1.6744,4.4899
39,41,0,9.1939,3.4286
39,44,0,10.1927,6.6612
39,45,0,9.7198,8.939
39,47,0,7.6576,4.5548
39,68,0,8.4269,2.2864
39,82,0,10.9948,10.7338
39,86,2,2.3768,3.5573
39,92,4,1.2877,4.1621
39,96,0,3.4446,10.6102
39,101,0,4.0213,2.4685
39,104,0,2.8572,7.5995
39,105,0,5.9845,8.2146
39,107,0,1.0764,2.3036
39,121,0,6.4572,4.9426
39,133,0,3.7738,4.3212
39,144,0,8.0819,5.7793
39,189,0,9.6715,8.9738
39,193,0,2.9561,2.3159
40,0,17,5.7392,7.7609
40,9,0,2.9818,7.5421
40,13,0,7.863,9.6942
40,28,0,5.8464,4.8425
40,31,27,4.5051,3.8658
40,34,11,3.6142,4.6744
40,46,7,2.6171,7.611
40,48,0,10.8716,6.4564
40,59,0,7.9742,8.9501
40,60,0,10.3906,4.9238
40,61,0,8.7843,8.7681
40,65,0,4.1159,5.4203
40,66,13,2.0404,2.4426
40,84,17,1.3731,4.8886
40,85,0,7.9411,8.5762
40,95,0,6.703,8.8039
40,99,0,8.2603,4.5928
40,110,0,7.8192,7.3803
40,114,4,4.7613,4.0573
40,132,5,4.7227,2.9438
40,141,0,5.9302,7.8599
40,145,15,1.5357,4.5289
40,161,9,1.184,8.2829
40,162,19,2.7459,9.6902
40,195,0,9.6429,10.8846
41,2,0,3.2111,1.3238
41,22,0,8.1779,2.8665
41,23,0,6.1763,4.8952
41,38,0,9.4092,2.0742
41,39,0,6.936,10.0077
41,45,0,10.8384,7.6357
41,47,0,5.7166,4.9526
41,51,0,10.1979,10.0021
41,55,0,3.7046,5.6792
41,62,13,1.0841,9.3343
41,68,0,9.7831,9.2068
41,79,0,5.4926,6.1371
41,86,0,7.0763,9.7741
41,92,0,7.5673,4.3505
41,96,0,1.5401,10.2381
41,101,0,2.92,7.8129
41,105,0,6.3806,8.0704
41,118,0,9.9924,1.2428
41,144,0,9.5886,3.2858
41,147,0,9.2727,3.6801
41,148,0,8.9511,5.8564
41,151,0,5.0055,7.5678
41,154,0,10.5821,6.0502
41,156,0,2.8363,2.0306
41,159,0,4.3447,3.4688
41,163,0,6.444,3.8883
41,171,0,6.2515,8.4178
41,175,0,3.9161,4.6774
41,178,0,3.9604,9.2527
41,189,0,4.2322,10.5312
41,196,0,8.7616,7.5052
42,1,0,6.1333,5.8349
42,3,0,6.9165,4.1695
42,7,0,8.107,2.6637
42,17,0,5.68,10.171
42,27,0,2.7676,10.9005
42,52,0,5.1894,4.9725
42,55,0,7.3287,1.214
42,62,0,1.6797,5.7242
42,64,0,10.107,10.4327
42,67,0,8.8799,7.2001
42,71,0,1.4055,5.6658
42,73,0,1.0811,7.0062
42,92,0,7.2606,4.9341
42,94,0,9.4195,1.4063
42,108,0,7.0341,4.864
42,119,20,4.2799,3.1986
42,125,0,4.0565,6.5302
42,134,0,4.1609,10.5385
42,139,0,1.519,1.9887
42,152,0,7.7355,6.6425
42,156,0,6.8545,9.8262
42,157,0,2.7721,8.7004
42,159,0,6.677,1.3111
42,160,0,3.7043,6.6413
42,170,0,3.4631,1.0224
42,175,0,8.0683,6.9455
42,182,0,3.9053,8.0341
42,185,0,2.4351,7.0656
43,57,0,7.323,7.5722
43,70,0,3.1006,3.5094
43,90,0,1.9402,5.6477
43,113,0,2.7487,4.8853
43,122,0,4.2039,5.2488
43,129,0,8.0042,1.087
43,136,8,2.7166,9.2307
43,137,0,8.4394,2.4705
43,140,0,9.9509,2.3627
43,190,0,2.4516,3.0104
43,192,0,6.4066,2.8129
44,2,0,8.5658,8.7785
44,10,0,5.8139,1.2885
44,14,0,8.2937,3.6864
44,29,0,4.0854,1.4115
44,35,0,8.6825,9.8054
44,39,0,9.0849,9.9625
44,45,0,4.272,8.6012
44,68,0,7.4962,6.5071
44,69,0,6.8344,5.7436
44,96,0,8.2229,9.9187
44,100,0,2.9896,5.7343
44,101,0,2.3757,10.4854
44,102,0,5.9643,9.29
44,104,0,1.2789,2.5007
44,105,0,7.6884,7.9868
44,107,0,4.9134,9.5725
44,111,0,1.7753,8.8611
44,121,0,9.1532,8.2488
44,123,0,10.0149,1.9355
44,133,0,5.0196,1.324
44,149,0,7.1244,3.1813
44,171,0,2.9957,6.2522
44,191,0,6.8379,10.4998
44,193,0,3.9404,7.3297
44,197,0,2.9589,1.2586
45,2,0,7.4075,3.5107
45,14,0,10.9117,6.6641
45,22,0,8.6498,9.2347
45,38,0,3.1135,7.9157
45,39,0,2.3862,5.8637
45,41,0,1.9502,9.9706
45,44,0,7.3391,4.0733
45,47,0,7.9947,7.7227
45,68,0,7.5355,4.9145
45,82,0,7.0524,6.9785
45,86,0,3.5276,10.2285
45,92,0,1.8865,9.6507
45,96,0,10.2832,4.3228
45,101,0,8.3716,7.2211
45,104,0,3.4511,4.5243
45,105,0,10.9142,4.3002
45,107,0,1.6514,5.7356
45,121,0,8.3728,10.6485
45,144,0,8.8973,6.8873
45,148,0,5.5053,1.6267
45,156,0,2.1496,10.3334
45,175,0,5.4187,6.4462
45,189,0,4.16,8.4252
46,0,0,10.5746,4.102
46,9,0,6.5763,6.1061
46,13,0,6.7349,7.73
46,21,0,6.4157,1.955
46,28,0,2.9069,4.0191
46,31,0,10.0323,1.1869
46,40,0,4.1099,3.8201
46,48,0,10.2037,4.7159
46,61,0,7.74,5.7289
46,66,0,6.0224,6.7782
46,84,14,3.192,8.4538
46,99,0,3.4682,3.6578
46,132,0,9.5464,1.7646
46,141,0,2.6408,1.5705
46,150,0,4.482,4.3915
46,161,7,2.7424,6.4339
46,164,0,8.9089,10.2188
46,192,0,2.609,6.7085
46,195,0,9.6654,8.9013
47,2,0,7.2805,9.6725
47,8,0,7.6859,2.2064
47,22,0,7.6939,7.5301
47,38,0,4.489,7.3993
47,39,0,10.8202,8.3963
47,41,0,8.3113,10.3266
47,45,0,8.1643,3.1556
47,63,0,9.2723,3.5973
47,71,0,6.7294,1.5977
47,74,0,10.1358,10.3749
47,82,0,6.5948,7.5743
47,86,0,4.7597,1.3083
47,92,0,8.2648,4.6653
47,96,0,5.4194,9.9158
47,108,8,1.8163,5.4257
47,121,0,1.6149,7.6318
47,144,0,10.5318,6.1913
47,153,0,6.5836,6.0866
47,156,0,9.6083,3.8984
47,160,0,2.5662,7.3979
47,169,0,9.0424,5.9375
47,175,0,9.7804,3.9289
47,189,0,2.8054,2.7785
48,9,0,4.1597,2.5331
48,13,0,8.233,4.4659
48,21,0,4.0955,1.4675
48,28,0,4.05,1.2984
48,31,0,9.5035,4.975
48,40,0,9.4982,7.8693
48,46,0,2.9377,2.322
48,57,0,1.5247,1.2996
48,61,0,3.0594,7.0533
48,66,0,9.6766,7.1675
48,84,0,3.5685,2.5348
48,90,0,3.9102,2.7391
48,113,0,6.0684,6.4753
48,132,0,4.3275,10.0596
48,136,0,10.7439,4.4615
48,141,0,9.2237,1.2942
48,155,29,3.5225,2.8016
48,161,0,8.4858,5.9981
48,164,0,4.4828,8.4837
48,192,0,5.3431,9.0712
48,195,0,6.2617,5.5784
49,4,0,8.5055,7.7091
49,9,0,9.823,10.6113
49,23,0,6.6283,4.576
49,26,0,6.4944,3.6603
49,33,0,7.4984,3.7268
49,51,0,5.4726,6.8648
49,58,0,10.7224,7.0021
49,59,13,3.9772,8.4941
49,60,0,4.7593,4.0366
49,66,0,5.0615,7.5531
49,72,0,1.4348,8.0832
49,79,0,5.8909,6.3773
49,87,0,2.7857,4.8154
49,95,0,5.8698,5.9366
49,99,0,3.786,1.9569
49,118,0,5.1315,3.8092
49,138,0,8.3544,6.1167
49,147,0,9.3688,7.8803
49,150,0,8.3753,3.0813
49,151,6,2.0037,1.729
49,154,0,10.9459,3.8312
49,158,0,6.9383,6.7118
49,162,0,2.6614,10.822
49,163,0,8.3523,5.6395
49,165,0,4.9009,3.9701
49,171,0,2.4404,10.1246
49,178,0,7.1191,6.2492
49,194,0,5.4683,10.8103
49,196,0,7.9429,3.5447
50,33,0,5.3776,5.485
50,35,10,3.7838,4.1529
50,53,0,10.5633,8.5223
50,58,17,4.7323,1.822
50,75,0,1.8556,6.7699
50,87,0,6.7614,8.1908
50,88,0,3.8161,3.7488
50,91,0,1.1495,9.8433
50,93,0,10.4313,1.4273
50,98,0,10.0386,3.9984
50,100,0,4.1732,3.449
50,106,0,10.3955,9.46
50,138,0,10.0395,8.7885
50,142,0,5.5037,3.1222
50,149,0,7.4123,7.3414
50,158,0,6.8181,5.5802
50,180,0,6.4159,9.1584
50,187,0,6.9146,1.3277
50,194,0,1.6152,8.322
50,198,0,5.0293,5.6796
50,199,0,4.6914,3.2851
51,4,0,8.932,7.3673
51,23,0,8.9274,9.888
51,26,8,1.8719,5.0838
51,41,21,4.622,10.4525
51,49,0,8.6286,3.6302
51,58,0,10.0703,10.63
51,59,0,8.9791,7.9156
51,60,0,8.7106,3.7699
51,72,0,10.8004,6.3374
51,79,0,4.7873,5.3486
51,87,0,9.5287,3.051
51,95,0,2.6328,4.7669
51,99,0,7.6293,7.3339
51,105,0,2.4918,7.2955
51,118,0,6.5052,6.2167
51,147,3,1.2256,8.4134
51,148,0,7.5621,4.7548
51,151,0,5.6395,3.7708
51,154,0,5.4787,5.5502
51,158,0,6.5753,4.2145
51,159,0,5.2933,10.9122
51,162,0,9.4616,6.9864
51,163,0,9.7567,4.1106
51,165,0,3.1773,3.5059
51,171,0,8.6587,2.282
51,178,0,2.9369,3.417
51,196,0,4.3411,2.178
52,1,0,9.9958,9.7138
52,3,0,9.8907,10.5841
52,7,0,4.1541,2.0166
52,17,0,10.6213,6.3321
52,27,0,6.5718,2.7058
52,42,0,5.452,8.6612
52,64,0,6.3048,3.9149
52,67,0,2.2069,9.0783
52,80,0,10.3826,9.6652
52,81,0,10.1732,5.9038
52,94,0,2.009,5.7248
52,97,0,6.0521,3.9042
52,109,0,10.9418,10.2453
52,115,0,6.9546,4.1142
52,116,0,6.4839,1.4672
52,119,0,7.7384,10.6885
52,125,0,10.2374,9.0838
52,134,0,2.4705,7.9924
52,139,0,8.7279,10.1888
52,152,6,1.8241,3.5217
52,157,0,5.1402,10.3508
52,170,0,9.6016,6.5647
52,182,0,9.9695,7.395
52,185,0,2.5919,4.4321
52,188,0,5.9727,2.9128
53,21,0,9.6519,5.1704
53,33,0,7.4091,8.0719
53,50,0,4.0732,3.802
53,54,0,7.2564,3.3448
53,70,0,6.7552,5.2068
53,88,0,4.6473,6.4634
53,90,0,2.7585,6.6393
53,91,0,6.1949,3.2531
53,93,0,4.9081,7.492
53,98,0,4.0792,8.2218
53,106,0,2.5182,1.0808
53,117,0,6.5784,10.5812
53,129,0,8.9628,9.8306
53,138,5,3.1544,7.6994
53,142,0,6.3006,10.2661
53,150,0,10.5246,2.0241
53,194,0,3.5002,8.753
54,24,0,8.1459,7.8883
54,53,5,5.4303,1.7694
54,91,0,5.9359,3.6577
54,93,0,10.8001,2.5934
54,98,12,2.2608,3.9628
54,106,0,3.9159,5.282
54,117,0,3.9213,4.3907
54,122,0,9.4024,9.6765
54,129,7,2.6806,1.3703
54,142,0,5.2717,2.2544
54,143,0,7.5761,5.3274
54,146,0,2.5088,4.8961
54,183,0,9.3206,10.3766
54,187,0,9.5542,6.1553
54,199,0,3.4089,2.8426
55,3,0,4.771,7.4082
55,7,0,8.8174,9.637
55,23,0,8.8996,8.5778
55,41,0,8.005,7.0769
55,42,0,6.4953,2.4156
55,62,0,4.0136,8.9531
55,64,0,3.5686,2.798
55,67,12,1.5017,10.4382
55,71,0,5.5974,9.942
55,73,0,3.9025,3.3367
55,86,0,10.9741,7.1407
55,92,0,4.6782,6.1307
55,94,0,7.0884,6.6489
55,108,0,2.4446,1.7854
55,127,0,7.067,9.4205
55,134,0,7.4538,3.4795
55,148,0,2.716,4.2971
55,151,0,7.4827,7.8338
55,154,0,3.593,10.3188
55,156,0,7.6279,4.7092
55,159,0,8.3156,10.3821
55,160,0,3.5213,5.2829
55,163,0,9.3645,10.4545
55,170,0,3.7835,5.4563
55,175,0,7.2557,4.9459
55,185,0,4.2477,3.2415
55,186,0,2.9168,8.7265
56,5,0,1.5034,1.9699
56,11,0,5.384,9.0069
56,15,13,3.8974,10.0455
56,27,0,7.5303,4.6446
56,80,0,2.207,2.454
56,89,0,4.0552,3.6384
56,120,0,4.324,6.1724
56,166,14,2.9914,10.9965
56,168,0,6.95,2.0986
56,176,0,3.3761,10.3371
56,177,0,1.9926,3.9619
56,179,0,2.3902,10.0378
56,188,0,2.8286,4.0014
57,21,0,2.0748,4.0958
57,28,0,6.9895,7.6464
57,43,0,7.8115,1.1437
57,48,0,4.5578,7.3104
57,70,0,10.8865,7.156
57,90,0,5.523,1.3943
57,113,0,7.0843,1.6259
57,136,5,3.4875,2.2927
57,137,0,3.8256,10.6412
57,140,0,8.9549,1.64
57,141,0,10.7159,1.2072
57,155,0,6.5634,7.9536
57,164,6,5.0469,1.8526
57,190,0,1.5804,1.9789
57,192,0,2.7787,9.5465
58,29,0,6.6514,6.9012
58,33,0,3.3792,9.3168
58,49,0,3.7829,8.5291
58,50,0,7.9346,5.7189
58,51,0,4.0683,3.1972
58,60,0,7.8864,5.7533
58,72,0,4.1277,5.1306
58,75,0,2.0773,9.3179
58,79,0,3.0347,4.0796
58,87,0,8.8622,5.9497
58,95,0,9.0165,1.9108
58,105,0,6.7789,8.776
58,118,0,1.6248,8.2151
58,138,0,7.6526,2.5706
58,147,17,4.3839,8.5693
58,158,0,1.9476,10.171
58,163,0,8.462,10.9364
58,165,0,8.9104,10.1066
58,171,0,5.1986,9.776
58,178,0,3.0101,2.3013
58,196,0,1.6998,2.51
59,0,0,5.8416,10.9333
59,4,0,3.6768,1.5077
59,5,0,5.3821,2.0697
59,23,0,1.3855,4.4812
59,26,0,2.5165,2.2707
59,31,0,3.5931,5.6055
59,34,0,3.7447,8.2804
59,40,0,8.5705,8.225
59,49,0,4.5992,5.1475
59,51,0,5.6803,1.2071
59,60,0,7.5753,1.2529
59,61,0,3.9,1.7104
59,65,0,6.8132,7.4193
59,85,0,7.947,9.0706
59,95,0,7.2379,5.8334
59,99,0,6.9559,1.8994
59,110,0,1.4421,3.1327
59,127,0,5.5073,6.1319
59,145,0,5.9862,10.426
59,147,0,5.2539,6.7199
59,151,0,3.4959,4.8253
59,154,0,10.0068,8.1252
59,162,0,10.0935,8.6626
59,163,0,1.5854,2.6627
59,173,13,2.719,1.9378
59,186,0,6.3767,7.934
59,195,0,1.0498,1.462
60,0,0,3.1141,7.0995
60,4,0,6.0677,8.5578
60,9,0,10.6945,4.7156
60,21,0,4.5239,1.551
60,23,0,2.4171,6.9717
60,26,0,1.9525,9.4297
60,28,0,7.1949,7.8533
60,33,0,3.9902,5.5471
60,40,0,1.2977,5.3326
60,49,0,1.1701,2.3395
60,51,0,5.971,10.6792
60,58,0,7.4891,7.3943
60,59,0,10.296,3.2658
60,61,0,6.3807,9.192
60,66,0,3.1895,6.1522
60,72,0,5.9719,9.1309
60,79,0,7.7933,5.5879
60,87,0,4.5123,10.6788
60,95,0,5.3793,4.7454
60,99,0,8.3732,5.1487
60,118,0,4.9508,6.2529
60,138,0,7.2638,3.0953
60,147,0,8.5845,1.9957
60,150,0,6.6712,4.4496
60,158,0,8.9174,5.2608
60,162,0,2.222,10.89
60,163,15,3.8499,6.8728
60,165,0,7.9999,2.1729
60,178,0,1.3878,3.1374
60,194,0,4.339,2.2057
60,195,0,9.3076,7.6226
60,196,0,5.7284,8.0234
61,0,0,6.6028,2.8954
61,9,0,4.1142,2.1992
61,21,0,8.8279,9.4183
61,28,0,10.0042,3.3224
61,31,0,10.034,6.3971
61,34,5,3.902,1.229
61,40,0,9.0608,3.2519
61,46,0,3.3214,10.957
61,48,0,7.3435,7.6283
61,59,0,9.7924,4.1365
61,60,0,5.0686,5.999
61,66,0,6.333,10.1452
61,84,0,8.3119,1.9863
61,85,0,10.1135,9.3681
61,95,0,2.4672,10.7494
61,99,0,9.6708,5.4243
61,110,13,3.0972,6.0544
61,132,9,3.6292,8.6829
61,141,0,9.456,8.3893
61,145,0,5.3583,5.1028
61,150,0,8.2318,1.1398
61,161,0,9.7374,7.7293
61,162,0,10.5509,5.6247
61,165,0,1.9219,8.3599
61,195,0,3.4997,3.0842
62,3,0,4.6961,5.7198
62,7,0,7.2732,9.2346
62,38,0,4.7727,9.3929
62,41,0,10.7561,1.9271
62,42,0,9.6365,9.6946
62,55,0,7.4512,10.2813
62,64,0,8.4322,8.6236
62,67,3,1.1586,3.9283
62,71,0,3.9755,8.7974
62,73,0,4.3056,1.0143
62,86,0,7.1076,7.0212
62,92,0,6.392,3.0227
62,94,0,4.897,3.9984
62,108,0,5.7309,7.5037
62,127,0,5.188,8.8931
62,134,0,3.35,10.498
62,148,0,7.7754,1.4654
62,151,0,5.9809,3.2633
62,154,0,1.0273,10.3941
62,156,0,7.7382,5.2891
62,157,0,6.351,10.2571
62,159,0,5.4773,3.7993
62,160,0,5.8663,5.3084
62,170,10,2.5351,8.1401
62,175,0,3.177,10.8376
62,185,0,2.4126,6.016
63,8,0,6.1116,1.0355
63,22,0,6.6517,7.6054
63,38,0,6.7109,9.8123
63,47,0,4.8849,8.97
63,64,0,10.0271,3.6172
63,71,0,1.0449,10.1861
63,74,0,7.7451,4.3826
63,92,0,1.1983,7.3243
63,108,0,10.7295,7.4158
63,125,0,3.1433,5.6345
63,139,0,9.1126,6.5992
63,144,0,2.166,3.7615
63,153,0,7.9265,4.3618
63,160,0,5.9096,10.2857
63,169,0,3.4192,10.264
63,175,0,9.5248,2.3223
63,185,0,1.5565,3.6651
64,1,0,10.1738,9.3371
64,3,0,10.1783,8.3384
64,8,0,4.4123,6.8931
64,17,0,1.3386,2.4875
64,38,0,8.1269,4.6219
64,42,0,3.7961,1.6461
64,52,0,6.6897,1.2214
64,55,0,4.7969,9.3844
64,62,0,5.1984,2.0333
64,63,0,1.6361,9.582
64,67,0,1.2675,6.0206
64,71,0,5.6078,6.4559
64,74,0,7.0135,1.5289
64,92,0,9.3623,6.9487
64,94,0,5.2672,7.2746
64,108,0,8.6277,5.6031
64,125,0,1.7026,3.1262
64,134,0,3.5235,5.604
64,139,0,9.9017,4.9699
64,153,0,7.5928,7.6198
64,156,0,1.5442,8.819
64,160,0,5.3446,4.2834
64,170,0,10.2571,10.0105
64,175,0,10.3891,2.1997
64,185,0,5.5256,7.6013
65,0,0,3.0505,1.4764
65,4,0,9.009,1.9884
65,5,0,3.0734,4.1715
65,23,0,7.7279,2.702
65,26,0,2.2778,2.5552
65,31,0,8.7237,2.5091
65,34,0,5.6024,8.6179
65,36,0,5.5317,6.4685
65,40,0,1.83,9.6664
65,59,0,7.9745,4.0976
65,85,0,7.6582,10.0824
65,110,0,4.8208,10.7705
65,114,0,6.6185,7.9736
65,120,0,6.8784,7.2221
65,127,0,8.8982,10.115
65,132,0,9.7556,6.8712
65,145,0,9.7626,5.516
65,161,0,8.7855,7.2072
65,162,0,2.2381,9.3429
65,173,0,8.9568,1.365
65,186,0,6.5386,10.7768
66,0,0,3.3218,8.1007
66,9,0,3.6888,6.3585
66,21,0,8.4226,2.5329
66,28,0,8.5152,1.5523
66,31,0,4.3045,10.0019
66,40,0,4.1668,8.9629
66,46,0,5.8349,1.4927
66,48,13,2.013,6.105
66,49,0,5.0616,5.6451
66,60,0,6.1606,8.1936
66,61,0,3.428,8.6442
66,95,0,9.3719,10.4187
66,99,0,7.5975,8.6871
66,141,0,8.2781,5.3934
66,150,0,6.6903,8.0821
66,158,0,10.7602,8.2933
66,162,0,6.3345,9.0388
66,165,0,5.9242,3.2809
66,194,0,3.2086,10.1053
66,195,0,4.3809,9.7915
67,1,0,7.0298,4.5508
67,3,0,8.5957,1.4972
67,7,0,1.4629,9.8435
67,17,0,2.8224,1.1707
67,27,0,8.5099,6.692
67,42,0,8.9331,5.4263
67,52,0,3.8929,3.0174
67,55,0,4.327,2.6873
67,62,0,9.4955,1.2964
67,64,0,7.0696,2.7282
67,71,0,2.665,6.9486
67,73,0,1.9996,7.2157
67,80,0,6.9875,2.0414
67,94,0,10.6289,8.6635
67,97,12,1.1647,4.5239
67,108,0,10.6615,3.9827
67,109,0,6.6526,7.698
67,119,3,5.6612,7.2715
67,125,0,8.307,8.5291
67,134,0,9.063,3.5122
67,139,0,5.0132,5.6278
67,152,0,6.7231,5.2448
67,157,0,7.6657,5.5379
67,159,0,5.7834,8.4869
67,160,0,10.1579,4.6952
67,170,10,1.7182,3.6659
67,182,0,3.7568,10.8417
67,185,0,7.0366,1.3632
68,2,0,7.1359,7.8109
68,10,0,1.5291,7.5929
68,14,0,6.1184,1.1491
68,22,0,10.8165,8.5241
68,29,0,10.285,7.2474
68,39,0,4.1569,7.9266
68,41,0,5.5276,9.3216
68,44,0,7.0703,1.2714
68,45,0,1.5849,10.5774
68,96,0,1.9257,7.9645
68,101,0,8.3807,8.7415
68,104,0,9.2393,2.4931
68,105,0,5.1031,1.3115
68,107,0,10.4082,7.8727
68,121,0,3.058,10.4013
68,123,0,3.8924,7.4637
68,144,0,2.8156,1.6378
68,171,0,4.309,1.2968
68,178,0,1.0193,4.399
68,189,0,1.6293,1.6753
69,10,0,6.7871,5.9047
69,14,0,3.428,6.439
69,30,0,6.2487,2.6655
69,44,0,7.0552,1.66
69,102,0,5.1421,3.8465
69,104,0,6.074,1.2063
69,111,0,4.4079,7.5847
69,123,0,7.2295,4.1817
69,126,0,7.2187,1.6495
69,133,0,10.2369,2.6227
69,191,0,6.9041,7.1419
69,193,0,5.2723,5.2815
69,197,0,3.1058,9.1206
70,9,0,5.2943,1.9402
70,21,26,1.7021,8.4978
70,28,0,1.3875,7.6904
70,43,0,4.1034,6.9384
70,53,0,9.2179,3.9888
70,57,11,4.4362,3.943
70,88,0,9.9333,7.8413
70,90,0,3.721,6.7161
70,117,0,9.7487,1.4877
70,129,0,7.1791,3.7836
70,140,0,9.8243,3.9139
70,142,0,2.0839,5.8243
70,150,0,10.2504,9.4028
70,190,0,7.3304,7.1632
70,192,0,6.8228,6.5574
70,194,0,10.2188,6.1624
71,1,0,3.8801,6.691
71,8,0,2.2929,3.2823
71,38,0,5.2474,5.8682
71,42,0,2.3556,7.7282
71,47,0,6.9778,10.4619
71,55,0,10.933,3.0608
71,62,0,9.3979,2.751
71,63,0,4.0551,1.5725
71,64,0,2.5022,2.5943
71,67,0,1.0478,8.3199
71,74,0,3.5575,3.8312
71,86,0,6.5277,5.7761
71,92,0,9.1419,1.69
71,94,0,8.4245,7.1134
71,108,0,10.87,1.1704
71,125,0,5.5518,2.921
71,134,0,5.0838,5.3454
71,139,0,2.6462,4.2588
71,144,0,2.0413,7.0469
71,153,0,4.8064,5.6192
71,156,0,10.1388,1.9657
71,160,0,2.8112,8.2075
71,169,0,6.8016,10.313
71,170,14,2.2481,9.0891
71,175,0,3.192,6.2911
71,185,0,5.6401,3.3609
72,4,0,4.2791,7.0364
72,9,0,4.2992,5.9428
72,23,0,8.9233,8.0082
72,26,0,5.2655,2.8567
72,33,0,9.6706,8.8446
72,49,0,6.3986,10.1665
72,51,0,7.2641,10.6282
72,58,0,6.79,4.8575
72,60,0,3.5738,3.2935
72,79,0,3.4177,10.9963
72,87,0,3.6635,9.0782
72,95,0,2.8858,3.1715
72,99,0,6.3683,5.7141
72,118,0,9.3194,3.9274
72,138,0,8.5888,10.1223
72,147,0,5.1678,9.4892
72,150,0,4.505,4.2041
72,151,0,2.9936,10.8049
72,154,0,2.2662,9.2356
72,158,0,8.8669,2.3837
72,162,0,10.0629,4.0789
72,163,0,6.5174,9.8622
72,165,0,9.2546,6.2848
72,171,0,2.3737,6.1372
72,178,0,8.6878,2.5257
72,194,0,8.2793,6.3168
72,196,0,4.5418,10.9987
73,3,0,5.5415,4.0547
73,4,0,10.1326,9.5889
73,5,0,1.692,8.7404
73,7,0,2.2868,3.2781
73,23,0,7.5127,8.611
73,26,0,9.0509,4.7089
73,27,0,3.6855,10.2086
73,42,0,2.8282,8.8254
73,55,0,7.0012,6.3323
73,62,0,7.5724,1.6908
73,67,0,10.9293,4.831
73,86,0,3.582,5.0948
73,94,0,4.3817,10.2739
73,127,0,4.8437,5.8443
73,134,0,9.2704,2.022
73,148,0,1.8366,6.8593
73,151,0,8.6188,1.4857
73,154,0,6.2159,8.6454
73,156,0,3.1116,1.9205
73,157,0,1.8951,3.0442
73,159,0,5.7586,5.099
73,163,0,10.4525,4.1358
73,170,0,8.758,4.0424
73,185,0,5.977,5.0921
73,186,0,7.2639,9.4507
74,2,0,9.9333,5.2551
74,8,0,10.4944,5.765
74,22,0,3.6389,9.0039
74,38,0,7.7605,3.6306
74,47,0,4.5526,3.5659
74,63,0,4.3593,8.5519
74,64,0,6.7474,7.7196
74,71,0,4.4363,4.9293
74,86,0,7.2404,7.3239
74,92,0,5.435,4.1075
74,108,3,4.0392,1.0382
74,125,0,10.7097,10.0203
74,139,0,7.2931,4.3724
74,144,0,7.7686,5.2637
74,153,0,1.9583,9.8112
74,160,9,2.6188,1.8398
74,169,0,4.7451,10.142
74,175,0,5.8234,8.687
74,185,0,5.9975,6.7997
74,189,0,6.3429,8.6519
75,12,0,7.4349,7.4358
75,29,0,8.7275,4.3216
75,33,0,5.2044,7.8994
75,35,24,1.3054,3.687
75,50,0,2.304,4.2311
75,58,0,6.0423,4.1092
75,87,0,7.0075,3.5671
75,93,0,4.2824,10.6576
75,98,0,8.344,2.1141
75,100,0,3.3336,5.8595
75,106,0,7.7655,8.7404
75,138,0,4.6195,5.1163
75,149,0,2.4207,2.9245
75,167,0,10.6771,7.7239
75,171,0,4.901,7.7697
75,172,0,10.3937,9.7224
75,180,0,5.4141,5.7263
75,187,0,7.1453,3.043
75,197,14,3.6006,5.6543
75,198,0,5.0455,1.4338
75,199,0,3.9374,4.7582
76,6,0,6.2453,10.5527
76,13,0,4.6443,4.6855
76,25,0,4.0496,9.2641
76,31,0,9.6739,1.7002
76,36,0,2.6296,8.9496
76,83,0,8.0199,4.1842
76,84,0,7.081,9.4825
76,85,0,9.4566,1.2737
76,103,0,3.4419,9.2104
76,114,0,6.0514,9.3697
76,124,0,9.8433,4.0773
76,128,0,8.3119,8.6614
76,131,0,2.7903,5.3485
76,132,0,8.9155,7.2508
76,145,0,10.7114,6.1772
76,161,0,8.8049,7.8168
76,173,0,2.0351,2.8848
76,174,0,6.0363,1.1327
77,13,0,9.1943,8.7225
77,16,21,4.3487,3.7942
77,18,0,6.2414,7.715
77,19,0,4.4153,9.8197
77,25,0,2.7576,6.4644
77,37,0,2.4506,1.4661
77,83,0,5.1522,3.7481
77,128,0,5.3651,1.4833
77,130,0,2.1608,7.9137
77,155,0,1.1091,4.5942
77,164,0,9.8897,6.8989
77,184,0,2.3938,3.2689
78,81,0,5.0447,9.3344
78,97,0,2.1469,4.6093
78,109,0,2.7727,10.9281
78,112,0,10.4599,5.8942
78,115,0,4.6083,9.7897
78,116,0,5.6023,3.9919
78,119,7,1.7008,1.0986
78,152,0,4.8879,1.5727
78,166,0,3.7674,5.3545
78,181,0,7.1593,9.7066
78,182,0,5.7057,2.4479
79,4,0,10.8169,10.1499
79,23,0,8.9587,5.7892
79,26,0,5.5459,10.3532
79,29,0,10.398,8.7003
79,41,22,1.2567,4.5658
79,49,0,6.4905,8.329
79,51,0,1.6085,2.0951
79,58,0,6.5666,1.0235
79,60,0,1.4469,3.2529
79,72,0,8.1998,5.1494
79,87,0,9.2765,2.4216
79,95,0,1.8989,1.2955
79,105,0,7.4069,2.1285
79,118,0,7.6448,8.8914
79,138,0,9.9696,2.9542
79,147,0,10.3815,10.5538
79,151,0,9.779,9.3632
79,154,0,3.3877,9.8597
79,158,0,5.5714,6.9584
79,163,0,5.7199,2.4983
79,165,0,3.0382,1.3313
79,171,0,7.6585,3.6787
79,178,0,7.901,8.0741
79,196,0,4.0646,5.9983
80,1,0,1.2139,8.1076
80,3,0,6.8088,4.168
80,5,0,8.7341,3.4359
80,7,0,6.2698,5.217
80,17,0,4.1204,7.6123
80,27,0,2.5614,1.754
80,52,0,9.4792,4.3595
80,56,0,7.8799,1.0497
80,67,0,2.2046,2.2406
80,89,0,5.6262,3.7153
80,94,0,6.9727,2.4349
80,97,0,1.371,9.4426
80,116,0,10.2175,6.4459
80,119,7,7.3096,1.0541
80,120,0,2.5347,9.6553
80,152,0,4.2593,1.1286
80,157,0,8.5279,6.8441
80,166,0,6.1066,10.2477
80,168,0,1.9003,7.3824
80,170,0,1.7029,6.5997
80,176,0,4.7303,5.2442
80,177,0,2.9297,3.1989
80,179,0,1.5987,1.2662
80,182,0,2.2486,5.2171
80,188,0,10.8526,9.6907
81,1,0,10.7875,6.2917
81,17,0,1.0489,9.8999
81,52,0,8.957,3.639
81,78,0,2.2713,9.0548
81,97,0,1.6468,4.9075
81,109,0,1.0251,1.5534
81,112,0,2.6895,3.6905
81,115,0,2.5668,9.2816
81,119,0,3.4681,1.6936
81,152,0,10.8229,9.4517
81,181,0,6.2348,1.9094
81,182,0,4.9312,9.1829
82,2,0,10.2887,3.2537
82,20,0,9.7657,3.5466
82,22,0,3.2952,3.1502
82,32,0,7.8334,6.4091
82,38,0,4.1627,2.9458
82,39,0,4.1701,4.6575
82,45,0,8.1245,1.2688
82,47,0,5.7137,1.6463
82,96,0,2.0791,9.6994
82,107,0,1.6767,1.1015
82,111,0,10.3798,4.0079
82,121,0,9.4837,9.7102
82,133,0,10.6345,4.8717
82,135,0,9.0448,3.9968
82,144,0,1.1552,2.8467
82,169,0,8.142,4.686
82,189,0,1.4794,3.7965
82,193,0,10.6497,10.8869
83,6,0,8.7692,3.4948
83,13,0,5.7357,6.7977
83,19,0,7.0753,1.1409
83,25,0,10.344,9.8919
83,36,0,1.8527,6.1155
83,76,0,5.3693,9.4239
83,77,0,8.1018,7.7513
83,84,0,7.0789,3.8663
83,103,0,5.5369,5.0683
83,114,0,7.4508,1.1461
83,124,0,7.1866,9.7552
83,128,0,7.0985,9.7228
83,131,0,6.2695,3.6705
83,132,0,2.1028,7.488
83,161,0,10.0564,1.9901
83,174,0,4.0684,8.0669
83,184,0,7.8765,3.0646
84,0,0,8.9945,4.6373
84,6,0,3.5325,7.0529
84,13,0,8.7972,1.5283
84,19,9,3.3025,2.5137
84,25,0,9.9794,1.8122
84,31,0,2.5167,9.174
84,36,0,5.9097,7.5028
84,40,0,1.2017,10.4562
84,46,0,1.2091,4.0459
84,48,0,10.6654,9.5432
84,61,0,2.3205,8.0997
84,76,0,6.7411,9.4319
84,83,0,2.8683,7.7681
84,85,0,7.2187,10.1287
84,114,0,6.0998,6.6406
84,131,0,5.701,4.7001
84,132,10,1.9534,4.4329
84,141,0,6.7351,2.7514
84,145,0,1.5268,7.8552
84,161,0,2.912,3.9802
84,164,7,1.8847,3.9078
84,173,14,4.3185,3.7697
84,174,0,10.6727,6.066
84,184,0,6.0466,10.8183
84,195,0,2.2769,2.2214
85,0,0,7.199,6.1047
85,5,0,8.8151,4.1083
85,13,0,8.23,1.7398
85,31,0,3.2355,2.3981
85,34,0,6.8968,2.5359
85,36,0,7.3504,5.7065
85,40,0,7.5189,7.9031
85,59,0,9.6582,7.8804
85,61,0,10.3231,8.7015
85,65,0,10.4135,2.2127
85,76,0,2.4727,3.0467
85,84,0,8.6889,7.2407
85,99,0,7.7947,3.2263
85,110,0,4.4798,3.797
85,114,0,6.7937,9.0754
85,131,27,1.5601,4.862
85,132,0,1.2966,7.4527
85,145,0,5.4323,8.2127
85,161,0,9.3798,1.7425
85,162,0,7.877,7.5405
85,173,0,8.8364,8.274
85,174,12,5.5661,4.7018
85,186,0,3.5989,2.8396
85,195,0,5.8523,2.7557
86,2,0,5.7264,1.4504
86,22,0,9.9732,9.7682
86,38,0,6.7276,2.1709
86,39,0,1.1095,8.9513
86,41,0,7.4618,2.9248
86,45,0,5.2075,8.5047
86,47,0,2.9929,8.2651
86,55,0,6.9321,4.5689
86,62,0,6.283,10.369
86,71,0,3.8089,9.4383
86,73,2,5.8866,1.4673
86,74,0,3.704,2.2735
86,92,0,9.894,10.7134
86,105,0,10.0672,6.4322
86,108,0,6.6744,4.0474
86,134,0,7.9479,9.5285
86,144,0,4.3265,8.5724
86,148,0,3.6578,5.7381
86,151,0,1.3567,6.7087
86,154,0,8.8645,8.468
86,156,0,7.1907,7.6814
86,159,0,8.3267,7.8855
86,163,0,10.0757,8.4074
86,175,0,4.385,4.094
86,178,0,7.0706,4.6671
86,189,0,2.1895,9.3306
86,196,0,7.4672,1.1321
87,29,0,10.5331,8.2471
87,33,0,7.4811,9.8579
87,35,0,7.7151,8.5007
87,49,0,4.1705,9.4589
87,50,0,7.4931,5.2559
87,51,0,1.3304,8.5663
87,58,0,5.0958,8.6254
87,60,0,9.3182,5.6585
87,72,0,5.1275,5.2188
87,75,0,5.1069,5.4596
87,79,0,3.9747,8.0265
87,100,0,6.3932,8.7175
87,105,0,6.0781,10.1908
87,118,0,7.8467,2.9231
87,138,0,7.4077,9.2576
87,149,0,1.2754,5.0821
87,158,0,3.6442,4.481
87,165,0,5.1537,1.1505
87,171,0,7.7066,1.7497
87,178,0,10.6169,7.2899
87,196,0,2.4054,2.2231
88,9,0,4.1153,9.8527
88,21,0,8.3872,3.6829
88,28,0,10.2683,9.122
88,33,0,5.053,3.944
88,50,3,3.5005,1.7528
88,53,0,5.192,6.721
88,70,0,6.8628,5.636
88,91,0,5.2136,4.3653
88,93,0,8.0904,5.3216
88,98,0,3.0137,7.7299
88,106,0,8.2352,2.6539
88,117,0,5.2858,1.4861
88,138,0,6.0294,3.7106
88,142,0,10.6087,6.3269
88,150,0,4.8216,7.6668
88,158,16,1.5854,8.4833
88,165,0,8.2092,6.9638
88,194,0,9.0845,10.0901
89,11,0,2.9845,3.8279
89,15,0,5.5826,7.0264
89,56,0,6.6525,1.0347
89,80,0,3.6854,3.7651
89,120,0,8.8706,5.3053
89,168,0,3.4246,6.3878
89,176,0,10.7906,3.6894
89,177,0,6.407,1.4969
89,179,0,10.7838,1.5016
90,9,0,4.0461,8.8413
90,21,0,5.6119,3.8372
90,28,0,3.4476,9.2156
90,43,0,4.1985,7.4094
90,48,0,7.1797,2.5715
90,53,0,6.3717,10.4695
90,57,0,5.9661,10.5675
90,70,0,7.5198,8.5182
90,113,0,4.8015,6.6057
90,136,0,9.0925,6.2408
90,137,0,6.1221,3.79
90,140,0,6.3353,3.5638
90,141,0,4.1352,8.4024
90,150,0,5.629,6.8945
90,190,0,4.4743,7.6353
90,192,0,6.3537,6.6484
91,24,0,1.2012,7.9814
91,50,0,9.1041,2.2368
91,53,0,9.9214,4.4223
91,54,0,5.4442,2.3106
91,88,9,3.449,5.6296
91,93,0,9.0248,4.9003
91,98,13,3.787,2.8897
91,106,14,2.6299,7.4259
91,117,0,2.6159,7.1277
91,129,0,6.9761,1.7127
91,142,3,2.735,4.6953
91,143,0,7.6167,5.9846
91,146,0,7.9302,5.314
91,183,0,2.9786,4.4035
91,187,0,3.892,2.3972
91,198,0,10.5611,7.2423
91,199,0,10.7005,8.5759
92,2,0,7.2707,8.4313
92,8,0,5.5076,1.3943
92,22,0,1.2567,7.9003
92,38,0,10.4836,7.4496
92,39,0,8.2529,6.0459
92,41,0,4.5596,7.1826
92,42,0,6.945,7.287
92,45,0,1.3498,7.3769
92,47,0,7.4064,6.0683
92,55,0,2.648,6.3847
92,62,0,10.0192,6.7679
92,63,0,5.0783,7.5663
92,64,0,8.1991,1.6388
92,71,0,7.0748,9.3297
92,74,0,8.1455,1.3804
92,86,0,3.8397,8.9115
92,108,0,7.7156,1.7568
92,134,0,7.2355,10.9921
92,139,4,2.8289,7.5123
92,144,0,5.3617,10.6553
92,148,0,10.1881,4.3288
92,153,0,6.587,7.0788
92,156,0,5.0299,7.9244
92,160,0,9.4292,7.8623
92,169,0,3.7677,6.0133
92,175,0,7.9649,9.2266
92,185,0,8.2237,4.6003
92,189,0,7.4821,8.1702
93,50,0,6.3855,3.1347
93,53,0,8.2248,4.5396
93,54,0,7.0555,6.5638
93,75,13,5.1232,3.0273
93,88,0,10.3985,2.2358
93,91,0,4.5744,9.0121
93,98,0,10.4413,9.1892
93,106,0,1.3713,10.9489
93,117,0,8.8609,6.6178
93,142,0,6.9025,9.5074
93,143,0,3.8291,1.9158
93,172,22,2.2601,8.0722
93,180,0,6.9059,4.4371
93,183,0,10.7235,7.1194
93,187,0,8.7918,1.0881
93,198,0,1.3391,1.5121
93,199,0,8.4939,5.7007
94,1,0,7.9838,1.4657
94,3,0,5.4781,5.9629
94,7,0,1.5154,5.7266
94,17,0,3.7977,4.2769
94,27,0,6.8196,10.7583
94,42,0,3.1459,5.7823
94,52,0,10.2139,3.5946
94,55,0,8.0098,10.0444
94,62,0,2.4722,4.4204
94,64,0,9.7392,3.1305
94,67,0,6.9862,1.5282
94,71,0,7.9125,10.1882
94,73,0,7.8486,7.8864
94,80,0,4.322,5.0014
94,108,0,3.9849,8.7794
94,119,0,10.482,3.9602
94,125,0,4.5708,10.8672
94,127,0,10.7517,1.8537
94,134,0,4.6561,4.5439
94,139,0,7.6275,5.2994
94,152,0,7.6838,3.6315
94,156,0,4.8474,4.1836
94,157,0,9.4473,10.4851
94,159,0,10.2515,6.1465
94,160,0,7.532,4.0612
94,170,0,5.3429,1.5456
94,175,0,2.9224,6.9536
94,182,0,5.2529,5.3398
94,185,0,8.11,3.8235
95,0,0,5.723,8.4936
95,4,0,10.4455,9.9307
95,9,0,4.4585,2.9341
95,23,0,7.1878,7.1099
95,26,0,3.7218,9.0948
95,31,0,3.9377,7.8172
95,34,0,5.5086,5.7114
95,40,0,1.0553,1.8279
95,49,0,9.2248,7.224
95,51,0,2.6862,5.2537
95,58,0,6.0744,2.6134
95,59,0,7.6399,8.7674
95,60,0,4.9905,9.7008
95,61,0,4.7943,3.3562
95,66,0,6.764,8.2837
95,72,0,7.4589,5.3933
95,79,0,8.2728,2.7932
95,99,0,1.7025,7.701
95,110,0,6.5511,7.519
95,118,0,8.3767,9.532
95,147,0,5.908,6.2723
95,150,0,5.2037,6.9519
95,151,0,10.5672,2.2024
95,154,0,5.0555,9.7076
95,158,0,5.5818,9.4475
95,162,0,6.9329,4.2509
95,163,0,9.265,9.8436
95,165,0,5.9357,10.9793
95,178,0,7.0835,7.3563
95,194,0,3.328,10.7471
95,195,0,1.8581,4.4185
95,196,0,4.9809,7.8638
96,2,0,3.1152,8.6696
96,14,0,8.3416,4.4785
96,22,0,3.8205,8.3647
96,32,0,7.0182,4.9051
96,38,0,10.4312,8.9428
96,39,0,4.7828,9.5038
96,41,0,7.6927,10.8912
96,44,0,1.143,5.2833
96,45,0,2.3872,2.1296
96,47,0,3.8142,10.3778
96,68,0,3.8856,7.3029
96,82,0,1.1238,6.9558
96,101,0,1.783,8.9262
96,104,0,1.6484,8.955
96,105,0,4.866,9.2366
96,107,0,1.8535,4.4002
96,111,0,2.6132,2.7318
96,121,0,3.424,5.8155
96,133,0,4.977,2.4172
96,135,0,10.4434,4.8228
96,144,0,3.0202,5.8774
96,189,0,10.0092,3.5985
96,193,0,2.6827,2.7741
97,1,0,2.9957,10.1398
97,3,0,7.7194,1.2917
97,17,0,2.0772,6.0939
97,27,0,10.9613,6.7539
97,52,0,8.2666,5.3412
97,67,0,10.071,4.0334
97,78,7,3.5177,1.1855
97,80,0,5.8277,2.7208
97,81,0,5.1428,4.678
97,109,0,8.8545,1.9061
97,112,0,1.367,3.141
97,115,12,2.2468,5.9159
97,116,0,6.6541,4.6308
97,119,0,9.5394,5.2156
97,152,0,4.6097,8.7396
97,157,0,5.4795,2.7554
97,166,0,5.2003,8.2683
97,170,0,5.5755,6.3414
97,181,0,8.1593,4.3551
97,182,0,3.3159,10.2972
97,188,0,9.7603,10.2028
98,33,0,6.3611,10.841
98,50,14,1.3997,2.7033
98,53,0,8.6037,4.5481
98,54,0,2.0413,7.2452
98,75,8,3.0591,10.3459
98,88,0,3.9095,6.155
98,91,0,2.1138,9.3257
98,93,0,1.0888,2.9715
98,106,0,10.1691,10.9179
98,138,7,1.5544,3.3799
98,142,0,5.5376,8.9391
98,143,0,10.2683,4.727
98,150,0,7.9192,1.9697
98,180,19,2.4202,9.6864
98,187,0,4.2827,10.3267
98,194,12,1.4188,3.8536
98,198,0,1.3339,4.4734
98,199,0,7.3239,4.9729
99,0,0,4.7983,9.2959
99,4,0,5.3579,2.3801
99,9,0,5.3756,6.4335
99,23,20,2.3831,4.2631
99,26,0,10.0601,1.9624
99,28,0,1.1557,5.2858
99,31,0,8.111,2.1878
99,34,0,4.7499,5.7516
99,40,0,10.9205,2.0657
99,46,0,4.7093,6.4858
99,49,0,1.8973,10.4717
99,51,0,8.4675,8.9915
99,59,0,5.6085,7.8851
99,60,0,10.1822,9.8988
99,61,0,6.8654,8.118
99,66,0,4.2922,5.7378
99,72,0,9.2594,10.8742
99,85,0,7.0642,2.7527
99,95,0,6.8953,2.475
99,110,0,10.7218,9.827
99,118,23,1.5206,10.4525
99,141,0,6.2808,6.3678
99,147,0,4.69,9.1694
99,150,0,10.0618,5.7052
99,154,0,2.4579,7.0224
99,158,0,5.7208,6.2496
99,162,0,8.7256,4.8373
99,163,0,4.8977,4.266
99,165,0,5.5591,7.6183
99,194,0,10.2443,1.3784
99,195,0,9.6102,10.8035
100,10,2,1.0308,2.7906
100,12,0,1.3858,1.1079
100,14,0,6.6436,7.0266
100,29,0,8.3626,10.8128
100,30,0,7.5736,2.7452
100,35,0,6.8983,8.2986
100,44,0,4.1642,3.7318
100,50,0,4.964,6.02
100,75,0,3.0147,2.4102
100,87,0,4.4838,7.8078
100,101,8,2.3291,3.7159
100,102,0,10.7036,2.8087
100,104,0,4.504,3.7099
100,123,0,2.6114,4.7539
100,126,0,7.5998,5.3612
100,149,0,8.3972,1.7205
100,167,0,6.69,5.4816
100,171,0,10.476,6.3716
100,172,0,10.7708,9.979
100,180,0,7.2764,9.5866
100,197,0,6.2156,10.0671
100,198,0,5.0282,4.4976
101,2,0,6.8637,10.0387
101,10,0,10.7279,2.4244
101,14,0,9.5108,2.1033
101,22,0,10.088,8.1706
101,29,0,9.5307,3.8799
101,39,0,8.6815,3.293
101,41,0,3.2874,8.6198
101,44,0,9.5425,3.1173
101,45,0,6.1871,8.4377
101,68,0,6.729,8.0894
101,96,0,4.1905,1.2969
101,100,0,1.0224,2.0237
101,104,0,4.1143,6.4841
101,105,0,9.7194,5.392
101,107,0,5.2883,5.2253
101,121,8,1.4133,4.6625
101,123,0,5.6707,10.2087
101,171,0,1.9289,10.5636
101,178,0,2.4068,9.9981
101,189,0,10.0523,5.9745
101,197,0,6.4506,6.7122
102,10,1,1.929,1.9475
102,12,0,5.3212,8.3871
102,29,11,3.165,4.4259
102,30,0,8.2753,5.4425
102,35,0,3.6358,6.0803
102,44,0,3.8539,2.8526
102,69,0,9.7039,3.7889
102,100,0,4.3029,7.9842
102,104,0,6.5286,2.3731
102,123,0,7.6205,4.1808
102,126,0,2.4905,5.4946
102,149,0,5.9765,9.4428
102,167,0,5.9508,1.0368
102,172,0,5.926,2.288
102,191,0,8.2488,7.4981
102,197,7,5.9926,1.4709
103,6,0,4.49,7.9143
103,15,20,7.3204,1.1506
103,36,0,6.7185,4.4011
103,76,0,10.4832,5.0154
103,83,0,1.5585,8.4296
103,124,0,4.3212,10.7403
103,128,0,9.031,4.5691
103,131,0,9.0473,6.8034
103,174,0,2.3251,8.6385
104,10,0,6.6794,3.439
104,14,0,3.7776,1.3723
104,29,0,9.2534,9.2173
104,35,0,8.324,3.0099
104,39,0,1.1724,7.2481
104,44,0,6.3997,2.7208
104,45,0,3.7746,6.5389
104,68,0,5.9403,9.618
104,69,0,8.3138,2.5209
104,96,0,3.9364,1.1256
104,100,0,4.6584,4.2237
104,101,0,4.7182,1.1774
104,102,0,5.9041,9.2337
104,105,0,3.9843,7.3686
104,123,0,10.1614,1.5743
104,126,0,3.648,5.005
104,149,0,8.7296,8.3431
104,167,0,10.7562,3.1536
104,171,0,8.1936,10.8885
104,191,0,4.1335,7.0506
104,197,0,9.7345,3.531
105,2,0,4.6117,6.5744
105,14,0,6.3082,10.7198
105,22,0,4.7683,2.2301
105,29,10,4.5919,9.4423
105,39,0,2.9931,2.0822
105,41,13,1.9691,10.8727
105,44,0,7.3894,3.6845
105,45,0,4.6078,9.5557
105,51,0,4.5374,8.7889
105,58,0,10.5485,1.3208
105,68,0,9.0474,10.258
105,79,0,4.94,6.2609
105,86,0,3.9136,10.5273
105,87,0,10.2066,6.0994
105,96,0,2.1016,1.0181
105,101,0,9.8346,7.9509
105,104,0,1.7653,10.2007
105,118,0,8.7878,7.1252
105,148,0,10.2375,4.8866
105,163,0,10.0283,10.113
105,171,0,4.8715,2.1981
105,178,0,8.5466,2.7519
105,189,0,7.498,6.6114
105,196,0,1.5126,7.7147
106,33,0,7.9756,9.7634
106,50,10,2.9503,6.7494
106,53,0,9.3719,8.8742
106,54,0,5.9715,5.8058
106,75,0,9.3291,7.5287
106,88,0,4.6114,4.7744
106,91,0,5.2933,10.3044
106,93,0,3.8894,10.0277
106,98,0,2.1752,8.2446
106,117,0,2.8511,3.4794
106,129,0,3.1868,10.498
106,138,0,8.7784,6.9957
106,142,15,1.3682,5.5696
106,143,0,1.1874,8.2704
106,180,10,3.7671,2.8943
106,183,0,5.5701,6.4189
106,187,0,4.7794,9.6535
106,198,0,1.8559,2.9007
106,199,0,4.8132,6.7968
107,2,0,5.4723,7.3336
107,14,0,4.1762,9.4436
107,20,0,2.385,8.2954
107,22,0,10.742,4.891
107,32,0,3.3014,7.4366
107,39,0,7.7316,2.2966
107,44,0,8.4366,7.2095
107,45,0,7.8038,7.5961
107,68,0,4.2444,3.9382
107,82,0,2.6133,10.0699
107,96,0,1.368,7.2851
107,101,0,5.4837,6.2808
107,111,0,8.108,2.7062
107,121,0,9.4601,2.6932
107,123,0,4.025,6.2662
107,133,0,5.8912,1.141
107,135,0,5.6256,2.4879
107,144,0,9.8926,2.9768
107,189,0,7.1219,10.7694
107,193,0,6.8882,7.2912
108,1,0,8.5897,2.5998
108,3,0,9.597,10.7575
108,8,0,7.5866,8.6301
108,38,0,7.8317,1.183
108,42,11,2.1107,5.0017
108,47,0,2.5324,5.5071
108,55,0,5.5674,10.8403
108,62,0,3.3617,5.9436
108,63,0,5.15,6.9636
108,64,0,4.3649,8.2083
108,67,0,7.8846,10.6017
108,71,0,2.6857,8.9348
108,74,0,1.1224,5.3932
108,86,0,9.1336,7.5496
108,92,0,9.3449,6.1977
108,94,0,2.5177,6.8686
108,125,0,7.9438,3.6706
108,134,0,4.3506,4.9785
108,139,0,4.3635,7.4589
108,144,0,5.5914,3.8623
108,148,0,5.5222,4.7072
108,153,0,10.7357,9.6029
108,156,0,1.4473,8.6552
108,160,0,7.8362,4.7372
108,169,0,8.4399,6.2396
108,170,0,7.2371,8.0124
108,175,0,4.652,3.7663
108,185,0,3.695,6.6524
109,1,0,3.204,6.5122
109,17,0,9.6979,2.5771
109,52,0,8.8861,7.679
109,67,0,7.7216,6.0412
109,78,0,5.2019,9.0684
109,81,0,10.1484,3.7393
109,97,0,9.5519,10.8707
109,112,0,4.7778,4.1654
109,115,0,7.6089,5.0552
109,119,0,8.0357,7.0648
109,125,0,4.1409,6.7202
109,139,0,5.3867,8.5484
109,152,0,2.9707,10.4104
109,170,0,2.917,10.2371
109,181,18,2.3115,4.8461
109,182,0,2.9165,8.0042
110,0,0,1.3604,2.2069
110,4,0,1.0081,4.0939
110,5,0,1.6484,5.7543
110,23,0,2.2624,8.4039
110,26,0,2.332,9.9723
110,31,0,9.0369,7.3048
110,34,0,5.1153,1.5187
110,40,0,5.6893,3.3583
110,59,0,9.9932,4.7088
110,61,0,9.3987,1.4325
110,65,0,1.6402,2.9083
110,85,0,9.1939,6.1099
110,95,0,8.1987,9.6158
110,99,0,9.7629,4.5874
110,114,0,6.9193,8.9305
110,127,0,4.9423,1.7672
110,132,0,4.9327,5.9859
110,145,0,10.6482,9.0665
110,147,25,1.1144,9.3435
110,151,0,5.1991,10.6809
110,154,0,2.0504,2.1702
110,162,0,2.9773,2.9982
110,173,14,3.3098,3.9466
110,186,0,1.7228,10.9526
111,14,0,2.2023,10.2948
111,20,0,7.6506,8.5702
111,32,0,8.2013,1.8032
111,44,0,1.0702,9.8212
111,69,0,8.2616,8.8303
111,82,0,2.7301,5.3651
111,96,0,4.8112,3.1375
111,107,0,10.8972,10.9382
111,121,0,2.9913,5.5453
111,123,0,2.7111,9.9885
111,133,0,8.0566,8.3196
111,135,0,4.0269,6.2326
111,191,0,7.4681,5.5435
111,193,0,3.5811,5.749
112,78,0,9.5522,2.6948
112,81,0,2.405,4.1227
112,97,0,3.5037,2.7958
112,109,0,9.9063,6.0536
112,115,0,8.8871,7.9457
112,119,0,10.9607,3.8109
112,152,0,4.0036,2.727
112,181,0,4.5229,3.3955
112,182,0,3.4786,5.6802
113,43,0,10.1276,5.0782
113,48,0,6.4274,9.2408
113,57,0,8.3331,7.2872
113,90,0,4.5963,9.208
113,136,0,4.6128,2.5385
113,137,0,8.2599,5.6648
113,155,0,4.4596,7.2303
113,164,3,1.0232,6.8145
113,190,0,7.7873,8.418
113,192,0,4.1588,5.882
114,0,0,4.0742,9.1372
114,6,0,9.938,1.8638
114,13,0,5.9721,4.5119
114,31,0,7.7706,9.8934
114,36,0,7.7916,4.4813
114,40,0,1.1147,1.3233
114,65,0,3.7003,1.5413
114,76,0,7.5591,3.5564
114,83,0,9.1959,1.9937
114,84,0,2.0399,8.6318
114,85,0,9.1321,6.2317
114,110,0,6.3504,4.0439
114,124,19,6.0668,7.618
114,131,0,10.4749,8.6669
114,132,0,2.9428,7.7715
114,145,0,9.9987,7.2883
114,161,0,10.0184,8.6068
114,173,0,3.4707,7.8292
114,174,0,10.7206,5.5833
115,1,0,9.5204,8.2587
115,17,0,4.6821,8.2128
115,52,0,10.5823,5.5147
115,78,0,7.2617,8.8665
115,81,0,7.1198,10.6451
115,97,0,5.8789,5.4495
115,109,0,1.8335,10.8353
115,112,0,8.9206,3.0971
115,119,19,2.5438,5.5803
115,152,0,5.3547,8.7435
115,181,0,7.4353,2.1661
115,182,0,5.2636,6.4966
116,1,0,5.2503,1.764
116,7,0,7.4259,1.6524
116,17,0,10.6954,1.4472
116,27,0,4.7254,4.9658
116,52,0,5.4456,10.0875
116,78,0,4.3304,4.1638
116,80,0,7.1813,9.9126
116,97,0,8.787,6.5323
116,119,9,1.994,8.5152
116,152,0,3.8453,6.2514
116,157,0,8.1952,1.6064
116,166,0,1.8442,7.8062
116,168,0,4.991,1.2411
116,176,0,7.1811,7.0432
116,177,0,3.6819,8.1232
116,179,0,9.7556,10.4574
116,181,0,7.6988,4.3911
116,182,0,2.7945,8.8694
116,188,0,7.9237,9.5357
117,24,0,7.9289,5.7424
117,53,0,8.3212,1.2315
117,54,0,4.0128,5.0412
117,70,13,2.2658,9.9832
117,88,10,3.8073,9.579
117,91,0,5.6291,5.1308
117,93,0,2.1327,3.0398
117,106,0,5.0787,5.5513
117,122,0,6.528,7.2266
117,129,0,7.8773,2.7244
117,140,0,7.7936,4.1276
117,142,0,8.8958,1.2963
117,143,0,4.8074,8.9933
117,146,0,2.9466,9.1685
117,183,0,1.6306,9.2375
117,190,0,8.9729,5.6417
118,4,0,10.2308,8.646
118,23,0,5.0492,1.173
118,26,0,3.4578,6.2844
118,33,0,9.6284,10.1239
118,41,0,3.4177,5.7362
118,49,0,9.6185,4.2134
118,51,0,4.9935,4.7537
118,58,0,5.2883,9.0728
118,60,0,3.5848,2.178
118,72,0,4.4025,8.2417
118,79,0,8.493,4.346
118,87,0,7.845,10.3436
118,95,0,10.4436,8.4904
118,99,0,8.9682,3.7137
118,105,0,6.976,6.9684
118,138,0,3.873,7.7266
118,147,5,1.8861,3.822
118,151,0,3.1041,3.5521
118,154,0,5.0603,4.7006
118,158,0,10.1849,3.4166
118,162,0,2.9384,3.8785
118,163,24,1.1134,10.1907
118,165,0,9.9693,2.9041
118,171,0,1.0367,3.9462
118,178,0,4.2273,8.3376
118,196,0,7.0158,3.2102
119,1,0,3.859,10.8505
119,3,0,5.3772,4.8799
119,7,0,2.5532,2.8832
119,17,0,7.8482,1.487
119,27,0,1.7697,10.2445
119,42,0,7.8361,3.0158
119,52,0,2.9484,10.5472
119,67,0,2.64,7.3729
119,78,0,1.2282,3.2323
119,80,0,6.4393,6.822
119,81,0,7.7882,2.0797
119,94,0,2.8338,7.6836
119,97,0,7.8939,3.7874
119,109,0,6.0558,1.0587
119,112,0,9.0482,8.6372
119,115,0,7.3861,4.8794
119,116,0,6.5631,3.681
119,152,0,3.9582,2.0714
119,157,0,7.99,4.4529
119,166,0,9.2692,10.7407
119,170,0,10.857,9.1988
119,181,0,6.307,4.6369
119,182,0,4.9638,4.1957
119,188,0,2.9941,4.3709
120,5,0,7.161,10.5383
120,11,0,6.9137,4.1497
120,27,0,4.9791,2.6389
120,56,0,6.7839,8.1935
120,65,0,2.1457,9.3808
120,80,0,8.3969,2.5467
120,89,0,8.2705,8.6561
120,127,0,8.7011,4.1105
120,157,0,9.5666,2.8191
120,168,4,1.2565,10.2329
120,173,0,6.3746,8.9062
120,176,0,4.6608,7.2261
120,177,0,5.2357,6.2308
120,179,0,1.9748,8.9215
120,186,0,8.2953,9.2053
120,188,1,6.707,2.258
121,2,0,2.2226,7.4898
121,14,0,10.377,2.82
121,20,0,5.6833,1.5971
121,22,0,10.8663,3.7688
121,32,0,7.4681,6.385
121,38,0,5.1348,5.872
121,39,0,6.1244,4.7034
121,44,0,6.3682,6.5121
121,45,0,1.1466,3.8509
121,47,8,1.3122,6.1627
121,68,0,5.0441,4.6419
121,82,0,8.591,5.1033
121,96,0,5.6663,4.8723
121,101,0,9.9524,4.4709
121,107,0,3.4135,2.5366
121,111,0,5.9754,9.4884
121,133,0,10.5282,8.4982
121,135,0,1.0015,6.0584
121,144,0,3.1301,4.4921
121,189,0,1.1577,5.6906
121,193,0,4.4907,5.7884
122,24,0,9.1616,2.5506
122,43,8,4.1301,4.6149
122,54,0,2.3826,4.2688
122,117,0,9.3119,3.8852
122,129,0,9.2544,1.7326
122,140,0,10.0092,3.2092
122,146,0,8.2907,7.7277
122,190,0,5.1445,3.1038
123,10,0,9.2201,7.9236
123,14,0,4.0078,9.1225
123,29,0,6.772,1.1241
123,30,0,9.0878,1.3322
123,44,0,8.8875,3.4828
123,68,0,4.0172,3.3935
123,69,0,1.5683,4.0761
123,100,0,10.8369,6.6963
123,101,0,10.2635,6.9611
123,102,0,3.0932,2.1854
123,104,0,6.4937,6.314
123,107,0,6.1609,1.4992
123,111,0,4.2858,9.548
123,126,0,2.8,7.2986
123,133,0,9.0866,9.8373
123,167,0,4.8342,4.912
123,191,0,8.789,8.5989
123,193,0,4.577,5.7154
123,197,0,6.977,3.9144
124,6,0,2.7058,4.1251
124,15,19,7.8685,4.9698
124,25,0,2.44,9.2732
124,36,0,3.5387,2.2448
124,76,0,7.0245,6.9973
124,83,0,2.1959,8.8672
124,103,0,7.4141,7.6883
124,114,0,5.5419,6.8488
124,128,0,8.9584,2.8309
124,131,0,7.6182,4.9466
124,174,0,9.167,5.4599
125,1,0,9.4507,8.7157
125,8,0,4.7488,6.1371
125,42,0,7.0116,7.2617
125,52,0,4.803,4.7675
125,63,0,4.5743,1.6514
125,64,0,8.8292,2.2896
125,67,0,6.1901,2.9387
125,71,0,2.7326,10.1053
125,74,0,7.436,10.2316
125,94,0,4.2895,9.9521
125,108,0,10.9138,3.1121
125,109,0,1.005,5.1683
125,139,0,2.5963,10.5428
125,153,0,6.3459,10.4077
125,160,0,9.9095,2.7887
125,170,0,1.9001,4.4868
125,185,0,1.3369,9.0116
126,10,0,8.1215,10.5153
126,12,0,8.2721,3.4798
126,29,0,6.0239,2.5899
126,30,0,8.1133,8.3315
126,35,0,9.6144,8.545
126,69,0,3.0911,4.2958
126,100,0,5.9287,10.2623
126,102,0,8.6014,9.2919
126,104,0,1.8491,6.6747
126,123,0,8.2516,4.1218
126,149,0,6.0206,4.963
126,167,0,7.0393,6.3494
126,172,0,9.0031,4.4776
126,180,0,10.5953,5.6538
126,191,0,4.1065,9.2436
126,197,0,7.6246,4.6106
127,3,0,3.3175,9.3872
127,4,0,10.6144,1.6714
127,5,0,6.5681,5.5471
127,7,0,4.3528,9.5847
127,23,0,5.6769,4.8035
127,26,0,8.3375,6.7506
127,27,0,5.5626,1.8995
127,34,0,10.5359,6.2141
127,55,0,3.3568,6.6041
127,59,0,8.3203,6.7975
127,62,0,7.0251,7.9122
127,65,0,5.8807,1.4906
127,73,0,4.9328,7.7935
127,94,0,8.1791,4.2543
127,110,0,7.5764,4.7482
127,120,0,8.2039,5.1082
127,134,0,6.2605,3.4596
127,147,0,6.3665,3.4956
127,148,0,7.8237,4.3389
127,151,0,5.1756,1.2284
127,154,0,8.8393,9.5087
127,156,0,8.3945,7.618
127,157,16,2.1175,3.742
127,159,0,7.2049,2.1301
127,163,0,9.4794,2.3768
127,186,0,8.3275,10.2622
128,6,0,4.4652,9.6898
128,13,0,8.2326,7.1291
128,16,11,2.2982,7.0428
128,18,0,7.3198,6.8885
128,19,0,7.9932,1.7507
128,25,0,4.7716,9.2862
128,37,0,7.0513,1.7629
128,76,0,7.3201,2.7893
128,77,0,2.7922,5.2295
128,83,0,3.8664,7.658
128,103,0,1.849,1.5262
128,124,0,1.6442,8.7673
128,130,0,5.783,5.502
128,131,0,6.5425,1.8208
128,184,0,6.6142,10.5027
129,24,0,5.3006,9.1971
129,43,0,5.3521,10.0382
129,53,0,7.6893,4.5512
129,54,0,5.161,3.9704
129,70,24,2.5963,10.6092
129,91,0,4.804,10.3182
129,106,0,3.4509,3.5653
129,117,0,4.6903,1.2399
129,122,0,5.0964,3.3998
129,140,0,9.4972,3.0333
129,142,0,7.8191,6.8215
129,146,0,6.6593,9.5102
129,183,0,4.6081,5.5886
129,190,3,6.359,7.106
130,16,3,8.1127,2.0097
130,18,0,3.8285,7.792
130,19,10,1.2858,4.7326
130,25,14,3.0615,6.7616
130,37,0,6.8178,1.242
130,77,0,9.621,3.2725
130,128,0,9.8822,8.8049
130,155,0,2.4869,10.1439
130,164,0,5.9385,10.6524
130,184,21,3.4085,2.02
131,6,0,1.0967,5.372
131,13,0,2.3017,4.4399
131,19,0,1.8532,10.5502
131,25,0,7.4888,6.6179
131,31,0,8.9855,2.0826
131,36,0,5.6105,7.28
131,76,0,1.8511,3.1383
131,83,0,8.5278,9.2137
131,84,0,5.0137,7.3529
131,85,0,4.2004,6.7247
131,103,20,2.2662,5.5445
131,114,0,1.3989,10.0127
131,124,0,7.7515,1.4098
131,128,7,6.4606,1.9752
131,132,0,3.6057,5.5573
131,145,0,8.6387,4.6081
131,161,0,1.9441,3.6942
131,173,0,7.5519,2.121
131,174,0,4.3658,8.0665
131,184,0,1.2703,7.4662
132,0,0,6.6408,10.0902
132,6,24,1.4301,6.6442
132,13,0,9.2492,5.9403
132,25,0,5.2951,6.2967
132,31,0,4.4275,10.5138
132,34,0,3.0572,5.7538
132,36,0,3.8936,6.3045
132,40,0,3.4287,4.4357
132,46,0,8.8168,1.4171
132,48,0,4.3556,7.7419
132,61,0,4.0805,4.2557
132,65,0,1.5385,9.5694
132,76,0,8.3671,5.8542
132,83,0,6.6953,5.4847
132,84,0,3.2179,1.0734
132,85,0,7.6586,6.5353
132,110,0,2.2556,8.2407
132,114,0,2.8975,3.0425
132,131,0,2.3065,10.4321
132,145,0,10.1272,7.8135
132,161,0,2.971,9.5543
132,173,0,10.6769,5.7289
132,174,0,2.9939,9.5131
132,195,0,2.5898,4.2606
133,2,0,5.5656,9.8863
133,14,0,7.1676,10.7802
133,20,0,7.1588,4.5294
133,22,0,6.4847,3.4666
133,32,0,10.1043,6.7589
133,39,0,6.9337,10.1564
133,44,0,9.9115,9.7112
133,69,0,1.2565,9.551
133,82,0,7.8653,1.4009
133,96,0,2.5386,2.852
133,107,0,10.7895,6.4835
133,111,0,2.124,7.2994
133,121,0,10.6956,2.6716
133,123,0,4.4175,3.0131
133,135,0,2.4309,2.0423
133,189,0,1.9587,1.5907
133,193,0,4.3503,2.19
134,1,0,5.9261,7.4676
134,3,0,2.8508,3.6131
134,7,12,4.2283,7.3367
134,23,0,3.7445,4.4233
134,42,0,9.1833,8.9036
134,52,6,2.2669,5.0371
134,55,0,7.5578,6.516
134,62,0,10.984,7.6615
134,64,0,2.1203,8.2537
134,67,0,9.0024,6.5226
134,71,0,5.0671,7.4417
134,73,0,2.4478,2.1228
134,86,0,6.4778,3.2449
134,92,0,10.8139,5.8041
134,94,0,3.1088,1.1311
134,108,0,1.0338,10.3189
134,127,0,6.3176,7.4596
134,148,0,1.7841,9.1762
134,151,0,8.907,4.8822
134,154,0,1.2432,9.0702
134,156,0,6.0803,1.5748
134,157,0,3.7233,6.0537
134,159,0,4.3692,9.3875
134,160,0,3.0808,6.8807
134,170,0,5.7668,3.892
134,175,0,5.2092,2.7601
134,185,0,10.8148,9.3544
134,186,0,1.5329,5.0343
135,20,0,6.4173,7.139
135,32,0,7.6344,1.987
135,82,0,10.7257,7.0734
135,96,0,10.9362,2.0227
135,107,0,3.9275,9.7279
135,111,0,7.2006,3.3794
135,121,0,1.7083,10.454
135,133,0,3.4936,5.5583
135,193,0,7.9659,8.3247
136,43,0,10.4733,9.0446
136,48,0,5.4582,4.939
136,57,0,1.1253,9.7095
136,90,0,8.2603,8.0451
136,113,0,1.35,3.8663
136,137,0,2.5738,4.5869
136,155,0,9.0523,10.0493
136,164,13,2.977,10.2653
136,190,0,5.4696,5.4172
136,192,0,3.8934,10.4352
137,43,0,10.285,3.0694
137,57,0,9.0625,3.2941
137,90,0,7.2309,9.6465
137,113,0,9.8199,5.5417
137,136,0,8.6095,3.3654
137,140,0,7.463,3.46
137,155,0,3.2397,8.5292
137,164,0,10.7795,7.7436
137,190,0,8.7725,6.0527
137,192,0,8.8907,6.8069
138,33,0,2.1222,9.7306
138,49,12,1.2188,9.6371
138,50,0,6.969,10.1194
138,53,0,10.589,1.5467
138,58,0,8.2526,5.4156
138,60,0,3.4892,1.8397
138,72,0,7.2834,5.7845
138,75,0,8.8444,10.2937
138,79,0,6.2822,10.032
138,87,0,7.4459,4.3732
138,88,0,6.1898,4.99
138,98,0,1.203,4.5873
138,106,0,10.1112,4.3755
138,118,0,9.4189,5.6722
138,142,0,6.0267,1.3451
138,150,0,4.8922,6.867
138,158,0,8.1638,7.9432
138,165,0,5.7025,6.6495
138,171,0,9.0117,2.8688
138,187,0,1.2975,9.5305
138,194,0,6.8704,4.4361
138,198,0,6.5931,8.6211
139,1,4,4.2415,3.7976
139,8,0,8.8304,5.1352
139,42,0,2.4981,7.6417
139,52,0,3.5887,1.4102
139,63,0,6.1218,10.0908
139,64,0,10.4717,2.2668
139,67,0,1.3648,1.9984
139,71,0,4.3377,4.4041
139,74,0,5.817,7.4668
139,92,0,7.8551,9.4355
139,94,0,1.4028,9.7495
139,108,0,6.2417,7.1545
139,109,0,2.6581,8.4502
139,125,0,10.3711,4.8906
139,153,0,10.2475,9.5257
139,160,0,2.7729,10.1538
139,170,0,1.8243,1.9127
139,175,0,1.8429,8.7499
139,185,0,10.9208,10.2848
140,43,0,4.3467,7.9887
140,57,0,8.5969,8.9404
140,70,0,6.1054,6.0789
140,90,0,5.9779,2.2821
140,117,0,4.7672,7.4735
140,122,0,9.5536,5.5585
140,129,0,1.9246,9.247
140,137,0,7.7033,3.2597
140,190,0,6.8071,7.6965
140,192,0,7.6158,3.5768
141,9,0,8.0909,1.1267
141,21,0,9.0861,7.8094
141,28,0,1.1096,2.5637
141,31,0,10.197,6.8826
141,40,0,3.4897,2.3964
141,46,0,5.1317,3.4711
141,48,0,8.3868,2.7132
141,57,0,3.2492,7.4527
141,61,0,4.2335,8.8629
141,66,0,8.8239,4.6828
141,84,0,4.3843,1.6709
141,90,0,1.7912,3.6136
141,99,0,6.1114,4.3021
141,150,0,1.9558,4.151
141,161,0,7.7455,2.7404
141,164,0,3.9147,8.9073
141,192,0,9.5714,5.4084
141,195,0,10.3799,6.6699
142,21,0,5.5142,7.632
142,33,0,7.0818,1.4029
142,50,0,2.2469,8.0904
142,53,0,3.3939,4.2616
142,54,0,8.3097,5.6307
142,70,0,3.5579,6.9945
142,88,0,3.4651,1.4143
142,91,0,5.8068,6.5724
142,93,0,5.8061,4.0553
142,98,0,4.7571,5.6575
142,106,0,7.4554,4.527
142,117,0,10.4357,10.6965
142,129,0,5.1885,10.2706
142,138,0,9.9729,1.5962
142,150,0,3.5273,8.6399
142,194,18,2.6772,1.163
142,199,0,3.4255,3.1632
143,24,0,10.2863,4.9929
143,54,6,2.6669,5.3694
143,91,19,4.0276,7.6531
143,93,14,1.0865,7.7824
143,98,13,1.1145,7.5074
143,106,0,7.9225,2.2072
143,117,0,9.9622,3.9789
143,146,0,6.248,6.7216
143,183,0,7.7187,5.7704
143,187,0,6.3529,7.9241
143,198,17,6.5624,2.8246
143,199,16,3.7795,10.6061
144,2,0,8.4957,1.3029
144,8,0,8.6649,8.5136
144,22,0,1.9841,2.0339
144,38,0,2.5121,9.5958
144,39,0,1.994,5.4391
144,41,0,9.0757,6.3117
144,45,0,4.7471,8.7636
144,47,0,10.5552,5.1082
144,63,0,8.5493,9.3875
144,68,0,5.5711,8.7495
144,71,0,5.7122,6.8492
144,74,0,2.9005,8.3611
144,82,0,1.5061,4.2627
144,86,0,6.3757,3.683
144,92,0,5.7598,7.8661
144,96,0,8.2845,5.5394
144,107,0,2.6032,1.8283
144,108,0,3.0554,9.3822
144,121,0,2.2576,1.9485
144,153,0,7.0709,3.1236
144,156,0,2.0106,10.8447
144,169,0,6.2163,9.7881
144,175,0,9.5195,7.418
144,189,0,8.1118,8.7707
145,0,0,9.0138,3.9468
145,5,0,1.8891,2.7964
145,13,0,2.4521,3.9258
145,31,0,1.8702,10.7481
145,34,0,4.0916,6.9745
145,36,0,9.8863,3.0582
145,40,0,10.8238,3.4094
145,59,0,6.8603,9.8267
145,61,0,10.3257,10.2135
145,65,0,2.7691,9.7904
145,76,0,4.3684,10.1759
145,84,9,1.8328,3.0334
145,85,0,4.7592,9.9258
145,110,0,9.9351,10.4683
145,114,0,5.0785,6.0013
145,131,0,3.3645,8.6778
145,132,0,4.7609,3.0129
145,161,0,4.7932,8.1694
145,162,0,2.0583,9.866
145,173,6,3.7638,3.2581
145,174,0,6.6141,10.2732
146,24,0,6.8109,7.6798
146,54,0,1.5373,8.2507
146,91,0,3.1974,1.3774
146,117,0,6.0927,1.0734
146,122,8,1.9344,9.6357
146,129,4,3.2657,5.4775
146,143,0,4.0157,10.6142
146,183,0,1.9329,3.9247
147,0,0,4.6328,10.7379
147,4,0,2.4119,6.8981
147,23,0,9.9144,7.7606
147,26,0,6.8849,5.6431
147,34,0,2.6277,8.2566
147,41,0,7.8474,4.2404
147,49,0,6.0489,2.0019
147,51,0,9.9838,1.4824
147,58,0,3.9362,3.9103
147,59,0,4.0059,3.8528
147,60,0,5.7144,2.1755
147,72,0,2.6732,8.7377
147,79,0,8.207,2.7095
147,95,0,2.4898,2.8415
147,99,0,1.5126,5.2071
147,110,0,1.3688,10.2848
147,118,0,6.8641,4.9207
147,127,0,5.1535,2.707
147,148,0,6.7393,10.8795
147,151,0,9.7335,5.2798
147,154,0,8.512,1.4454
147,158,0,9.4302,8.4669
147,159,0,1.1308,9.5551
147,162,0,3.6211,9.9114
147,163,0,4.2252,6.283
147,165,0,1.5301,4.7941
147,178,0,10.9194,3.9565
147,186,0,2.5956,4.434
147,196,0,7.6145,1.4716
148,4,0,5.9058,8.4014
148,23,0,4.5383,2.1384
148,26,0,1.2813,9.9971
148,38,0,1.1269,8.5859
148,41,0,2.0589,5.524
148,45,0,5.2539,5.711
148,51,0,3.644,6.7848
148,55,0,8.9793,9.784
148,62,0,10.0967,1.7729
148,73,0,7.9777,10.7659
148,86,0,8.1177,1.4058
148,92,0,8.8861,10.842
148,105,0,9.9778,8.632
148,108,0,4.6162,10.773
148,127,16,1.0638,6.6934
148,134,0,10.9599,6.8276
148,147,0,1.889,5.8784
148,151,0,3.7282,2.1536
148,154,0,10.4187,8.7946
148,156,0,7.4312,10.909
148,159,0,5.8331,5.8913
148,163,0,10.7593,10.7576
148,175,0,10.3613,3.4036
148,178,0,7.5279,6.6824
148,196,0,5.8317,1.0006
149,10,0,9.8018,3.3562
149,12,0,2.4931,3.201
149,14,0,3.0441,10.7265
149,29,0,10.4989,10.7658
149,30,0,5.5611,9.1733
149,35,0,8.5458,8.9306
149,44,0,8.543,8.3205
149,50,0,4.7017,7.7303
149,75,0,4.5823,9.9535
149,87,0,9.0418,4.3672
149,100,0,7.8526,9.1029
149,102,0,7.8281,10.2628
149,104,0,7.5881,9.0301
149,126,0,5.9567,9.2284
149,167,0,9.2918,5.2794
149,171,0,7.6951,8.6914
149,172,0,3.604,1.9779
149,180,0,6.2072,2.201
149,187,0,3.2868,6.8994
149,197,0,8.9392,8.9959
149,198,0,9.0107,9.083
150,9,0,4.9479,4.0839
150,21,0,8.3436,3.4418
150,28,0,5.621,4.806
150,33,0,9.1181,9.361
150,46,0,7.287,4.9983
150,49,0,8.7069,3.3826
150,53,0,6.8496,1.462
150,60,0,9.5362,2.0703
150,61,0,5.4723,10.1569
150,66,0,8.3742,10.5354
150,70,0,5.2615,1.9901
150,72,0,10.3111,5.3452
150,88,0,7.7267,1.0333
150,90,0,8.8976,9.7936
150,95,0,8.1996,4.8704
150,98,0,6.0061,7.1016
150,99,0,4.8119,9.9332
150,138,0,7.8228,2.6391
150,141,0,2.4835,3.6543
150,142,0,8.9089,6.839
150,158,0,6.376,10.9033
150,165,0,9.7046,4.4249
150,194,0,9.3343,6.9872
150,195,0,8.6943,2.7869
151,4,0,6.13,7.1486
151,23,0,4.0977,8.3959
151,26,0,4.6104,1.2262
151,34,0,8.5523,8.5397
151,41,0,7.7941,8.2973
151,49,0,1.1008,4.6102
151,51,0,3.1911,5.937
151,55,0,9.6545,10.6112
151,59,0,3.221,9.6935
151,62,0,2.2776,7.5476
151,72,0,7.4737,8.5819
151,73,0,6.7636,8.786
151,79,0,6.1483,4.9933
151,86,0,9.4877,5.4187
151,95,0,3.28,1.6603
151,110,0,10.0418,6.6505
151,118,0,9.7026,9.3611
151,127,0,6.5205,9.5305
151,134,11,2.1732,2.6572
151,147,0,8.4663,10.0942
151,148,0,2.5381,5.8459
151,154,0,6.5753,10.113
151,156,0,10.2895,9.5847
151,159,0,8.4337,8.2305
151,162,0,2.2743,9.9147
151,163,0,4.434,10.4779
151,178,0,1.5846,6.977
151,186,0,4.2517,4.0694
151,196,0,1.5474,4.4414
152,1,5,1.2125,2.2756
152,3,0,9.8903,2.801
152,7,0,7.7546,1.6979
152,17,0,3.7206,10.1751
152,27,0,1.5695,2.2164
152,42,0,2.5869,6.7178
152,52,0,1.2447,8.593
152,67,0,6.0403,10.3102
152,78,0,10.4206,4.2725
152,80,0,4.5018,6.0152
152,81,0,5.981,9.0206
152,94,0,5.5964,8.2333
152,97,7,2.0541,2.5576
152,109,0,10.7421,3.524
152,112,0,7.9684,4.3222
152,115,7,1.0859,1.5394
152,116,0,8.8825,6.6716
152,119,0,7.289,5.0287
152,157,0,3.5623,7.2937
152,166,0,2.5871,1.3681
152,170,0,7.0439,6.5853
152,181,0,4.7512,9.7359
152,182,0,9.8315,2.4705
152,188,0,8.5278,3.7177
153,8,0,7.3071,10.112
153,38,0,3.8747,1.4592
153,47,0,8.3589,9.4613
153,63,0,3.5695,1.7419
153,64,0,10.4143,2.5486
153,71,0,5.1527,5.7695
153,74,0,9.0109,4.4412
153,92,0,1.9931,3.7108
153,108,0,7.9792,6.7982
153,125,0,7.1117,1.3446
153,139,0,3.2762,2.6039
153,144,0,7.2002,3.1989
153,160,0,7.6867,7.436
153,169,0,9.5302,3.8115
153,175,0,3.2708,6.5155
153,185,0,6.3723,9.7716
154,0,0,4.5221,2.6173
154,4,0,9.0469,2.5518
154,23,0,9.0921,6.3564
154,26,0,7.7552,5.4701
154,34,0,8.2975,2.0926
154,41,0,4.2808,7.776
154,49,0,8.4119,4.9728
154,51,0,1.4759,9.7845
154,55,0,8.2216,7.8313
154,59,0,3.7876,10.3529
154,62,0,3.5354,9.0489
154,72,0,5.3161,8.0505
154,73,0,8.1516,10.07
154,79,0,8.6606,1.6422
154,86,0,5.5398,5.7505
154,95,0,2.2441,1.5475
154,99,0,5.6092,1.6372
154,110,0,8.1698,6.2491
154,118,0,4.855,8.3869
154,127,0,4.116,8.3037
154,134,0,8.5443,7.8072
154,147,0,4.1031,7.0433
154,148,0,7.3836,4.4153
154,151,0,1.735,4.6045
154,156,0,3.0469,10.3442
154,159,0,8.3166,8.0591
154,162,0,3.0917,10.7146
154,163,0,1.587,7.5169
154,178,0,7.6374,4.2082
154,186,0,7.2456,6.1455
154,196,0,10.3915,5.3628
155,16,21,8.8223,10.6943
155,18,8,2.9682,10.4608
155,19,0,3.3463,5.8643
155,48,0,8.6613,6.9022
155,57,0,6.7815,5.1546
155,77,0,6.6616,6.8537
155,113,0,5.7014,3.03
155,130,0,4.887,8.0075
155,136,0,9.3903,3.7013
155,137,0,3.4191,9.5821
155,164,0,5.2583,8.1082
155,184,0,5.3528,2.1796
155,192,0,4.9148,4.476
156,23,0,8.4824,1.6484
156,38,0,6.4529,9.6559
156,41,0,2.3178,5.7535
156,42,0,7.1272,2.2814
156,45,0,5.1951,10.5588
156,47,0,10.7112,8.8858
156,55,0,10.0387,6.5222
156,62,0,10.231,6.453
156,64,0,6.4339,7.7579
156,71,0,10.7269,3.7203
156,73,0,3.2462,1.5471
156,86,0,2.2935,8.464
156,92,0,9.1844,9.5119
156,94,0,7.5879,2.7857
156,108,0,8.386,5.419
156,127,0,4.7467,3.2165
156,134,0,3.682,2.2219
156,144,0,8.8052,4.1719
156,148,0,8.5159,6.6044
156,151,0,9.8982,8.4174
156,154,0,10.6097,8.4021
156,159,0,7.3281,5.024
156,163,0,7.3977,5.8765
156,175,0,2.8009,4.5319
156,185,0,2.9815,2.3835
157,1,0,3.7311,9.8792
157,3,0,10.9545,7.6802
157,5,0,10.2756,1.2234
157,7,0,4.5065,8.6822
157,17,0,6.7634,6.2949
157,27,0,3.135,6.2694
157,42,0,10.4057,10.575
157,52,0,3.3323,9.7211
157,62,0,6.0843,7.1261
157,67,0,8.8491,2.76
157,73,0,3.7419,7.8446
157,80,0,6.9397,4.437
157,94,0,2.3037,10.1418
157,97,0,7.9117,6.1533
157,116,0,3.7826,8.1615
157,119,25,7.4667,4.9754
157,120,0,8.0184,4.113
157,127,0,4.8154,3.2998
157,134,0,2.0153,8.9575
157,152,13,1.9448,3.0835
157,159,0,2.3316,5.1667
157,170,0,6.9085,1.5912
157,176,0,8.9914,7.33
157,177,0,8.7869,10.1361
157,179,0,8.8695,1.6459
157,182,0,5.4507,5.2963
157,186,0,4.949,6.5471
157,188,0,3.0161,1.9756
158,9,0,9.9203,7.3677
158,26,0,5.0144,5.0243
158,33,0,6.0093,10.3041
158,49,0,8.2665,4.0106
158,50,0,5.382,7.4345
158,51,0,7.9338,7.9447
158,58,0,6.2302,7.1863
158,60,0,8.4373,10.707
158,66,0,9.1279,1.3642
158,72,0,8.2912,2.6008
158,79,0,4.5626,8.646
158,87,0,7.7344,10.066
158,88,0,1.6292,3.8072
158,95,0,1.7975,5.901
158,99,0,5.2132,4.6738
158,118,0,6.0138,2.5927
158,138,0,5.8178,10.5023
158,147,0,5.5281,5.4844
158,150,0,4.9245,4.7522
158,162,0,1.9127,8.0087
158,163,0,3.5971,6.8906
158,165,0,2.0876,7.7705
158,171,1,2.6847,1.3873
158,178,0,8.2289,4.7503
158,194,0,5.1278,10.2688
158,196,15,1.1941,10.3648
159,3,0,6.2106,2.2332
159,4,0,5.4277,10.4025
159,5,0,4.6136,4.1495
159,7,0,8.7785,4.4557
159,23,0,2.4709,2.2409
159,26,0,6.1581,10.5462
159,41,0,1.5348,2.2182
159,42,9,1.4425,5.1079
159,51,0,8.3443,8.7088
159,55,0,2.7599,10.2028
159,62,0,7.1642,10.18
159,67,10,1.8477,1.2074
159,73,0,5.2269,1.5098
159,86,0,5.3337,3.5939
159,94,0,9.6249,3.6767
159,127,0,9.3204,6.5937
159,134,0,4.349,6.2979
159,147,0,8.7923,2.5848
159,148,0,4.7035,9.376
159,151,0,8.1785,6.4687
159,154,0,9.9806,10.3952
159,156,0,6.9506,5.1054
159,157,0,4.6259,6.0759
159,163,0,3.3894,5.079
159,170,0,8.0377,1.6934
159,186,0,2.4409,5.4415
160,1,0,8.9278,10.9636
160,8,0,10.8708,8.738
160,38,0,1.7989,10.2251
160,42,0,4.5107,10.5029
160,47,0,4.0354,4.307
160,55,0,1.0388,7.0705
160,62,0,2.9547,8.224
160,63,0,2.1055,4.7295
160,64,0,10.0468,10.7686
160,67,0,3.6282,10.6097
160,71,0,3.9075,2.8964
160,74,0,4.4358,6.2876
160,92,0,6.0301,7.7373
160,94,0,3.9937,6.1556
160,108,0,10.2254,6.2536
160,125,0,2.5639,6.8383
160,134,0,6.2352,7.5954
160,139,0,7.9782,10.6105
160,153,0,3.8442,8.9478
160,169,0,1.6846,7.3859
160,170,9,1.1572,5.2151
160,175,0,10.273,5.0575
160,185,0,9.7324,7.1361
161,0,0,9.6392,7.0368
161,6,0,4.2098,10.0217
161,13,0,7.105,3.6405
161,25,4,6.733,1.6464
161,31,0,5.8964,3.0732
161,36,0,9.3483,7.9616
161,40,0,5.0808,9.5722
161,46,0,9.3726,10.0622
161,48,0,9.5259,8.1752
161,61,0,5.3709,6.6432
161,65,0,4.3254,9.8986
161,76,0,3.1563,10.8825
161,83,0,2.1314,1.9242
161,84,0,8.5369,4.5339
161,85,0,3.2118,2.0277
161,114,0,5.6602,5.4652
161,131,0,8.0363,9.0831
161,132,0,8.6009,9.1043
161,141,0,10.3826,8.1863
161,145,0,8.9556,3.2696
161,173,0,7.6579,3.8395
161,174,12,1.5554,8.9305
161,195,0,5.5975,4.007
162,0,0,3.7094,7.856
162,4,0,7.574,3.5139
162,9,0,4.4492,6.8833
162,23,14,1.9306,8.8998
162,26,0,9.6776,1.1674
162,31,0,9.7242,8.0383
162,34,0,7.2668,4.4794
162,40,0,1.534,6.0624
162,49,0,10.2243,1.0905
162,51,0,10.2818,8.8727
162,59,0,10.9837,1.6439
162,60,0,1.4271,4.4767
162,61,0,1.959,9.9283
162,65,0,6.5184,6.2597
162,66,0,6.918,1.3187
162,72,0,4.0689,7.1678
162,85,0,2.7745,1.9475
162,95,0,3.6052,10.5469
162,99,0,8.9302,7.614
162,110,0,6.6614,2.8086
162,118,0,1.8182,8.2049
162,145,0,6.7349,1.9212
162,147,0,5.799,9.9778
162,151,5,2.3047,5.4868
162,154,0,6.0181,7.577
162,158,0,6.7557,5.3373
162,163,0,9.6518,9.281
162,165,0,8.1809,4.681
162,195,0,9.3356,8.3118
162,196,0,1.8105,7.1791
163,4,0,7.109,5.8638
163,23,0,9.0943,10.1607
163,26,0,9.2156,6.1758
163,34,0,7.8752,8.1072
163,41,0,10.2426,1.0723
163,49,0,2.5786,8.7631
163,51,0,6.88,6.6573
163,55,12,2.5291,9.9084
163,58,0,10.6707,2.3813
163,59,0,10.5209,6.7138
163,60,0,4.0216,2.4377
163,72,0,3.7479,5.4851
163,73,29,3.0883,4.188
163,79,2,1.6603,1.4208
163,86,0,2.2388,10.1035
163,95,0,5.7001,2.4172
163,99,0,6.5097,8.6552
163,105,0,10.2594,1.3992
163,118,0,8.6792,3.8422
163,127,0,9.754,10.6171
163,147,0,1.8171,9.6755
163,148,0,5.4083,6.9761
163,151,0,5.891,3.4999
163,154,0,4.6801,5.5853
163,156,0,9.3414,3.7102
163,158,0,3.8262,3.4096
163,159,0,4.6955,6.5684
163,162,0,6.885,10.2142
163,178,0,5.1589,8.1942
163,186,0,4.7866,5.8267
163,196,0,8.0195,9.0954
164,13,0,2.0979,9.1025
164,16,27,10.6873,5.4929
164,18,0,7.8361,10.3608
164,19,0,2.9411,8.8561
164,25,0,8.2898,1.8467
164,46,0,1.2069,4.4466
164,48,0,8.0614,3.5982
164,57,0,8.5293,6.2677
164,77,12,3.4263,4.3321
164,84,0,5.5151,9.6518
164,113,0,10.7181,4.975
164,130,0,6.7577,6.4802
164,136,0,4.2734,7.5099
164,137,0,8.1311,9.47
164,141,0,8.4188,4.1235
164,155,0,5.6866,5.6124
164,184,0,4.3892,4.271
164,192,0,4.0353,3.3119
165,9,19,1.3945,4.7644
165,21,0,4.8928,10.2835
165,26,23,2.8932,6.2857
165,28,0,6.2158,7.3486
165,33,0,9.0669,2.4335
165,49,6,2.9933,8.3763
165,51,18,4.0534,5.6335
165,58,0,9.642,4.2164
165,60,0,9.3288,4.2065
165,61,22,1.2187,3.2013
165,66,0,10.8038,1.7278
165,72,0,7.4313,8.6215
165,79,18,7.4621,7.6884
165,87,0,10.0878,7.9267
165,88,0,7.8431,3.3112
165,95,0,9.8936,6.1358
165,99,29,5.3413,2.7143
165,118,6,3.9674,6.5405
165,138,0,6.5705,9.1224
165,147,13,10.2459,4.0946
165,150,0,7.1336,6.9032
165,158,0,9.449,9.574
165,162,0,10.6971,1.5429
165,178,27,3.328,9.7076
165,194,0,10.861,8.2918
165,195,0,8.3824,2.4641
165,196,3,1.8409,10.343
166,27,0,7.8827,8.1838
166,56,0,10.1631,7.7923
166,78,0,8.3528,3.4644
166,80,0,6.5896,1.0635
166,97,0,9.6282,3.3146
166,116,0,2.173,7.229
166,119,14,1.4268,4.1675
166,152,0,6.1952,1.9666
166,168,0,9.3678,3.6711
166,179,0,5.7786,3.1502
166,181,0,10.1825,5.9677
166,182,0,9.2138,1.7839
166,188,0,10.4576,8.431
167,10,0,6.5257,6.2066
167,12,0,6.3256,9.6286
167,29,10,5.5669,5.0861
167,30,0,7.2443,7.1398
167,35,0,3.9718,2.4535
167,75,0,7.0712,9.489
167,100,0,3.9672,5.5636
167,102,2,5.4221,1.1487
167,104,0,9.5153,8.7112
167,123,0,9.6885,9.4914
167,126,0,9.8892,2.2211
167,149,0,4.0318,1.3824
167,172,0,4.2623,9.7358
167,180,0,8.2781,7.8186
167,187,0,3.2319,9.0136
167,191,0,4.3754,8.4988
167,197,0,7.9296,9.1961
167,198,0,4.4919,8.2611
168,11,4,1.8295,5.4356
168,27,0,9.2152,3.8854
168,56,0,1.8203,10.2686
168,80,0,7.5297,7.4896
168,89,0,6.1153,9.3495
168,116,0,6.1822,3.4148
168,120,0,8.1684,7.7001
168,166,0,8.285,1.6651
168,176,0,7.88,5.1352
168,177,0,10.1729,1.3212
168,179,0,3.7136,10.9354
168,188,0,6.9495,4.6951
169,2,0,1.059,9.3998
169,8,0,1.8052,2.1704
169,22,0,5.5406,5.2315
169,38,0,3.0682,8.1222
169,47,0,7.3625,10.7641
169,63,0,5.1177,5.3405
169,71,0,6.3063,3.0075
169,74,0,5.0745,6.8342
169,82,0,5.4123,6.3695
169,92,0,3.4033,1.2728
169,108,0,9.2733,2.3884
169,144,0,3.2575,9.3572
169,153,0,9.2727,9.7207
169,160,0,2.5989,9.9932
169,175,0,10.0819,7.45
169,189,0,6.5005,10.7429
170,1,0,6.8329,4.9973
170,3,0,2.7392,5.8325
170,7,0,3.0214,7.7937
170,17,0,3.8186,10.0423
170,27,0,5.2313,9.9955
170,42,0,3.2816,4.9289
170,52,0,1.9136,9.0999
170,55,0,3.3186,7.6494
170,62,0,9.0018,2.2001
170,64,0,5.5285,1.322
170,67,0,8.5131,7.1336
170,71,0,6.8579,7.7851
170,73,0,3.2169,4.1473
170,80,0,2.5689,3.2436
170,94,0,1.7179,6.5838
170,97,0,6.6193,6.3333
170,108,0,6.3899,10.5865
170,109,18,1.1847,1.3767
170,119,25,1.9778,10.9293
170,125,0,8.3901,7.1711
170,134,0,9.0012,10.964
170,139,0,9.6084,8.1416
170,152,0,1.7039,6.2541
170,157,0,1.8358,8.2203
170,159,0,8.6947,4.0913
170,160,0,4.9723,6.6513
170,182,0,4.1484,6.5051
170,185,0,4.6619,1.2641
171,14,0,8.3278,3.9676
171,29,0,9.4163,10.5322
171,35,0,7.6941,10.4714
171,41,0,7.9251,7.762
171,44,0,4.3572,6.2992
171,49,0,8.0437,4.8519
171,51,0,5.5103,9.4051
171,58,0,8.7377,10.3667
171,68,0,7.5275,1.0621
171,72,0,9.2353,7.7328
171,75,0,9.8252,4.8991
171,79,0,3.7887,10.7419
171,87,0,6.8288,8.4927
171,100,0,6.9448,3.412
171,101,0,1.6709,7.3182
171,104,0,2.8945,8.3417
171,105,0,5.8249,2.4491
171,118,0,3.9408,7.4142
171,138,0,5.2037,9.8271
171,149,0,9.6443,5.8083
171,158,0,1.1801,4.0273
171,178,0,5.7489,1.3711
171,196,0,1.4742,8.0166
171,197,1,3.8546,2.5544
172,12,0,9.4437,4.0242
172,30,0,4.3744,7.8982
172,35,0,5.815,6.2237
172,75,0,6.1837,4.2575
172,93,0,5.8745,9.4488
172,100,7,2.4823,9.7214
172,102,17,1.0985,4.5844
172,126,0,2.1786,10.8724
172,149,0,10.8393,7.2687
172,167,0,3.8277,2.2474
172,180,0,2.1164,9.3556
172,187,0,7.7673,8.9141
172,198,0,5.2351,4.2043
172,199,0,2.4446,3.6671
173,0,0,3.3141,6.3863
173,5,0,9.9428,1.76
173,6,0,4.715,2.6145
173,31,0,6.8027,8.6573
173,34,0,8.4614,4.9736
173,36,0,10.1066,6.6901
173,59,0,9.6773,8.0846
173,65,0,10.0841,7.2073
173,76,0,10.0056,8.5966
173,84,0,3.0642,2.2594
173,85,0,8.3253,7.9714
173,110,0,9.4487,9.744
173,114,0,4.9837,8.3123
173,120,0,4.5549,5.737
173,131,0,2.3974,10.0711
173,132,0,4.8474,2.4162
173,145,0,2.6485,1.6415
173,161,0,9.7753,5.8172
173,174,0,6.9031,4.427
173,186,0,7.7,10.342
174,6,0,9.9679,7.4986
174,13,0,8.2796,5.0194
174,15,24,1,9.1509
174,36,0,10.5376,6.3128
174,76,0,8.2764,8.2193
174,83,0,2.8885,10.5112
174,84,0,7.992,5.5808
174,85,0,2.9268,10.0913
174,103,0,10.9432,6.1178
174,114,0,5.841,6.4024
174,124,0,2.1521,9.1859
174,131,0,10.6814,8.7893
174,132,0,2.8826,8.2531
174,145,0,8.5695,2.766
174,161,0,1.0161,9.9829
174,173,0,9.6585,8.5592
175,2,0,1.4922,6.2785
175,8,0,3.1838,5.6103
175,22,0,8.7108,10.155
175,38,0,1.4094,10.0914
175,41,0,2.6023,3.1203
175,42,0,5.6962,8.6007
175,45,0,1.422,10.8304
175,47,0,5.4365,1.9248
175,55,0,9.6659,10.9033
175,62,0,8.4858,5.3587
175,63,0,6.1352,1.0721
175,64,0,6.636,6.6891
175,71,0,8.824,1.2614
175,74,0,5.1241,9.1912
175,86,0,4.9037,2.589
175,92,0,1.5002,10.8888
175,94,0,7.8318,9.6682
175,108,0,8.526,9.9461
175,134,0,2.3198,7.7621
175,139,0,6.0363,7.2196
175,144,0,1.6037,8.8893
175,148,0,5.8391,1.5116
175,153,0,7.702,10.5911
175,156,0,6.9225,9.4863
175,160,0,3.0349,10.1903
175,169,0,3.7354,1.0883
175,185,0,8.9135,3.4766
175,189,0,3.904,2.2148
176,5,0,9.8206,3.415
176,7,0,5.9291,6.4634
176,11,0,7.0244,7.5754
176,27,0,2.5216,3.1491
176,56,0,7.6742,8.7024
176,80,0,3.869,2.692
176,89,0,10.8208,1.3357
176,116,9,5.4546,6.4342
176,120,0,8.5399,10.1609
176,157,0,3.1354,6.7127
176,168,0,4.9154,3.9604
176,177,0,8.5152,6.3962
176,179,0,9.4451,6.4858
176,186,0,2.211,7.2605
176,188,0,8.9833,8.0048
177,5,0,6.9218,2.2662
177,7,0,7.0876,10.7674
177,11,0,6.8069,9.7434
177,27,0,8.1192,3.5778
177,56,0,10.411,10.4737
177,80,0,6.4477,9.8144
177,89,0,9.3954,8.0599
177,116,0,8.1493,5.2536
177,120,0,7.9379,8.9205
177,157,0,7.516,2.769
177,168,0,4.6165,8.7206
177,176,0,7.5044,4.6586
177,179,0,1.0528,9.7613
177,186,0,10.8837,4.8698
177,188,0,10.4065,9.3745
178,4,29,3.7037,7.609
178,23,0,10.4052,2.6257
178,26,0,3.6593,10.2496
178,41,13,2.334,3.5659
178,49,0,9.7743,1.7414
178,51,14,2.2444,4.1939
178,58,0,5.7838,10.3129
178,60,0,7.772,3.1423
178,68,0,9.5239,6.5541
178,72,0,5.9135,5.8734
178,79,0,8.3155,2.8439
178,86,0,7.9715,7.7958
178,87,0,4.7498,3.1991
178,95,0,2.2155,1.809
178,101,0,8.0541,7.3222
178,105,23,2.46,10.2673
178,118,0,8.2823,2.2628
178,147,0,9.8609,4.2345
178,148,0,10.3236,9.8213
178,151,0,7.4239,6.1172
178,154,0,6.8166,2.6501
178,158,0,8.1788,4.8691
178,163,4,2.0557,9.958
178,165,0,6.7261,4.8869
178,171,0,5.1632,9.5945
178,196,0,10.8212,2.5152
179,11,0,7.2635,7.0432
179,27,0,4.8151,3.1698
179,56,0,8.7628,10.922
179,80,0,10.7173,5.8466
179,89,0,5.9141,2.3096
179,116,0,9.8677,4.3492
179,120,0,8.296,1.8826
179,157,0,6.7858,8.3999
179,166,0,4.5759,4.0312
179,168,0,6.3961,7.3869
179,176,0,5.8631,8.6729
179,177,0,10.3955,2.9776
179,188,0,6.695,3.6367
180,12,0,7.6742,1.6585
180,29,29,10.5822,5.1437
180,30,0,10.2732,1.3523
180,35,0,6.7083,6.9983
180,50,0,5.5163,1.4161
180,75,0,3.4761,10.9052
180,93,0,5.6188,2.3
180,98,0,7.1556,3.8521
180,100,0,9.9213,3.4528
180,106,0,7.2978,2.8429
180,126,0,8.7033,9.9211
180,149,0,4.2028,10.0723
180,167,0,3.9106,2.3351
180,172,0,9.7185,7.7376
180,187,0,8.0317,6.4189
180,197,0,10.0138,8.5436
180,198,0,6.5926,1.5235
180,199,0,1.5964,8.9057
181,78,0,6.5498,8.1334
181,81,0,6.9601,1.908
181,97,0,9.9944,9.2424
181,109,0,3.9661,3.4994
181,112,0,6.4136,6.6294
181,115,0,10.5065,10.3533
181,116,0,9.8844,8.0733
181,119,18,2.5471,1.4035
181,152,0,2.8245,7.9964
181,166,0,9.4214,5.8365
181,182,0,4.8168,4.6176
182,1,0,10.6483,9.5008
182,3,0,6.6264,5.9137
182,7,0,8.8466,9.3386
182,17,0,2.2573,1.7654
182,27,0,3.2535,4.064
182,42,0,4.422,3.2194
182,52,0,6.4062,3.6504
182,67,0,1.6306,7.2405
182,78,0,10.8949,2.9431
182,80,0,7.473,7.0633
182,81,0,8.0687,2.0575
182,94,0,7.4787,6.7575
182,97,0,9.4658,3.4631
182,109,0,8.769,6.4424
182,112,0,5.2649,3.8147
182,115,0,10.7375,5.7696
182,116,0,4.1215,4.5597
182,119,0,5.8164,7.9191
182,152,0,5.8011,7.5866
182,157,0,9.6771,6.3433
182,166,0,3.1399,1.9142
182,170,0,2.1303,5.4384
182,181,0,10.407,5.8387
182,185,0,8.3069,1.5084
182,188,0,5.9261,3.5392
183,24,0,4.7414,1.9887
183,54,18,7.3559,10.4164
183,91,20,5.2565,2.0928
183,93,21,2.3512,2.3322
183,106,21,6.0413,8.2946
183,117,23,8.1077,4.9403
183,129,16,7.8031,2.1305
183,143,5,2.6283,8.3526
183,146,12,5.523,9.9702
183,187,25,8.9454,3.9557
183,199,23,3.6052,5.3797
184,13,0,6.4215,3.9956
184,16,17,9.6474,9.8523
184,18,0,1.8806,1.3536
184,19,0,2.7765,6.9379
184,25,0,1.8985,10.0943
184,37,0,6.4154,3.8972
184,77,0,10.8884,3.6608
184,83,0,8.8045,6.3985
184,84,0,3.4433,8.135
184,128,4,4.9241,2.0519
184,130,0,6.5497,10.9748
184,131,0,10.7226,7.1006
184,155,0,5.7013,7.4693
184,164,0,3.6369,5.1055
185,1,0,10.1849,8.3389
185,3,0,8.5032,2.3868
185,7,0,6.0738,8.4923
185,8,0,4.1631,6.3453
185,17,0,3.4163,5.9475
185,42,0,10.0625,10.938
185,52,0,2.4918,3.7645
185,55,0,8.3684,3.8039
185,62,0,4.899,1.0229
185,63,0,1.1798,2.9696
185,64,0,9.7602,6.7476
185,67,0,10.745,10.2006
185,71,0,6.4028,9.3925
185,73,0,5.3268,9.0457
185,74,0,10.976,9.1724
185,92,0,10.9988,2.3832
185,94,0,10.4866,7.0222
185,108,0,8.585,3.4931
185,125,0,1.8967,9.5315
185,134,0,9.5762,5.9332
185,139,0,9.3208,2.0132
185,153,0,3.007,2.3017
185,156,0,1.0889,1.2372
185,160,0,3.1179,7.3152
185,170,0,6.3947,2.9155
185,175,0,10.4057,10.4805
185,182,0,4.5705,1.5955
186,0,0,5.2496,6.4184
186,3,10,5.1372,3.3487
186,4,0,9.6364,7.3581
186,5,0,6.0902,3.2609
186,7,12,6.7204,8.4773
186,23,0,8.7459,10.1153
186,26,0,6.8195,10.405
186,27,0,5.0164,5.1451
186,34,0,5.2523,2.5802
186,55,0,5.2042,10.9934
186,59,0,4.7799,9.8738
186,65,0,8.8494,6.9822
186,73,0,10.5797,9.7342
186,85,0,10.2311,10.5198
186,110,0,4.4492,7.7057
186,120,0,7.1243,3.2144
186,127,0,10.9427,1.1615
186,134,0,5.5206,4.5605
186,147,0,2.8119,4.727
186,151,0,2.5043,5.9593
186,154,0,5.6486,4.9453
186,157,0,7.2285,7.1129
186,159,0,4.2243,2.3738
186,163,0,6.5291,8.4019
186,173,0,10.7452,1.4557
186,176,9,3.8146,1.1765
186,177,0,2.3108,7.9517
187,12,11,1.7605,1.9142
187,35,0,10.1788,10.58
187,50,0,8.3919,1.8922
187,54,0,4.2809,10.9902
187,75,0,8.2358,8.7839
187,91,0,3.0653,8.1517
187,93,0,5.1197,9.5727
187,98,0,5.194,2.0241
187,106,0,5.807,1.1346
187,138,0,9.2419,6.8661
187,143,0,9.6128,7.3261
187,149,0,7.1616,7.7022
187,167,12,2.2753,1.7992
187,172,2,5.9056,1.8867
187,180,0,8.3171,8.0674
187,183,0,9.7776,8.4404
187,198,0,1.5653,1.9307
187,199,0,2.6624,9.2383
188,1,0,4.4449,2.1631
188,3,0,2.9381,5.4655
188,7,0,3.8833,7.8519
188,17,0,5.8309,8.8482
188,27,0,4.892,6.7558
188,52,0,6.9569,4.0263
188,56,0,2.5741,1.5553
188,80,0,2.9934,3.7998
188,97,0,2.8323,8.3258
188,116,0,3.0826,8.7773
188,119,13,5.1424,3.6699
188,120,0,1.233,4.4708
188,152,0,2.7398,8.9383
188,157,0,8.6692,8.2584
188,166,0,2.7608,2.0566
188,168,0,6.7193,1.7982
188,176,0,9.3144,5.4132
188,177,0,7.3832,6.6696
188,179,0,5.4587,7.9863
188,182,0,8.2863,3.3813
189,2,0,10.9859,2.3459
189,8,0,8.097,1.208
189,14,0,4.7619,3.7616
189,22,0,6.2536,3.3558
189,32,0,5.9837,10.8583
189,38,0,6.6752,4.0662
189,39,0,9.3052,4.4984
189,41,0,1.0003,7.5911
189,45,0,2.3798,4.545
189,47,0,3.31,4.4961
189,68,0,8.5236,8.0728
189,74,0,10.0911,8.3479
189,82,0,5.143,5.6956
189,86,0,3.2774,5.1932
189,92,0,1.808,10.8506
189,96,0,4.8487,6.1012
189,101,0,6.8663,1.1835
189,105,0,5.6977,10.6342
189,107,0,4.3519,9.7674
189,121,0,7.5194,9.9354
189,133,0,8.3512,8.7074
189,144,0,2.603,1.6652
189,169,0,5.9039,6.8686
189,175,0,7.136,5.488
189,193,0,7.8845,9.1721
190,43,0,7.2987,2.0245
190,57,0,4.9631,2.6649
190,70,0,8.6074,5.8969
190,90,0,9.9994,1.815
190,113,3,2.1913,2.2424
190,117,0,1.6425,6.486
190,122,0,4.9911,10.4191
190,129,0,10.5026,8.4294
190,136,0,6.2856,4.595
190,137,0,8.4728,7.1735
190,140,0,4.2732,3.9352
190,192,0,6.2409,2.2399
191,10,0,2.3655,7.8432
191,14,0,7.7422,5.0257
191,30,0,7.4553,4.5284
191,44,0,2.8883,4.2796
191,69,0,9.4027,6.3714
191,102,0,10.1095,3.0557
191,104,0,10.1201,10.1278
191,111,0,9.6201,5.4751
191,123,0,9.8296,10.1926
191,126,0,7.4982,9.9864
191,167,0,4.6749,8.328
191,197,0,4.5286,1.2557
192,21,0,8.0151,9.5889
192,28,0,7.0173,6.837
192,43,0,6.1334,3.7289
192,46,0,4.234,8.5221
192,48,0,1.6025,3.0279
192,57,0,10.7959,9.5417
192,70,0,5.8683,1.3522
192,90,0,6.9563,3.1952
192,113,0,6.9806,2.5422
192,136,0,6.0423,4.7152
192,137,0,2.6617,5.1853
192,140,0,10.291,8.0496
192,141,0,7.4663,4.583
192,155,0,10.2822,8.3154
192,164,10,1.6838,4.7315
192,190,0,4.103,5.6723
193,2,0,4.504,3.0826
193,14,0,5.6827,3.7455
193,20,0,6.482,3.5857
193,22,0,6.1948,5.501
193,32,0,2.881,10.797
193,39,0,5.154,1.0591
193,44,0,10.842,7.4402
193,69,0,6.3397,4.8359
193,82,0,9.6889,7.8735
193,96,0,5.8698,5.9
193,107,0,6.9271,6.8172
193,111,0,2.2392,6.9175
193,121,0,3.2602,9.8787
193,123,0,7.7952,4.5127
193,133,0,10.4375,1.8929
193,135,0,8.7346,10.3993
193,189,0,2.5102,8.1329
194,9,0,5.3052,10.364
194,21,0,4.3786,4.0802
194,28,0,9.1867,5.1278
194,33,0,3.4028,9.1327
194,49,1,4.0098,1.5348
194,50,0,2.8406,8.3692
194,53,0,5.5632,10.1097
194,60,15,3.4828,2.9406
194,66,0,8.3525,3.8893
194,70,0,6.9457,8.2313
194,72,0,6.1848,4.608
194,88,0,9.3658,6.6543
194,95,0,7.0918,9.2811
194,98,0,9.9012,1.5467
194,99,14,2.2744,7.0838
194,138,0,8.9248,4.0427
194,142,0,10.2865,8.1489
194,150,0,2.8777,1.1668
194,158,0,10.4254,3.8246
194,165,0,8.1046,3.6719
194,195,0,7.971,10.6913
195,0,0,3.4579,3.9108
195,9,0,8.3356,9.2439
195,21,0,8.0037,1.3968
195,28,0,1.7505,9.7065
195,31,0,1.5864,9.0377
195,40,0,10.0316,10.9117
195,46,0,6.7918,5.8779
195,48,0,5.1019,2.8329
195,59,0,9.0162,1.5491
195,60,0,1.4835,1.0227
195,61,0,9.0543,6.9715
195,66,0,8.9734,6.0412
195,84,0,3.0345,7.3246
195,85,0,3.2348,9.5267
195,95,0,3.33,7.365
195,99,0,1.2473,1.5158
195,132,0,9.7228,6.8706
195,141,0,9.6802,6.2129
195,150,0,7.6367,2.7
195,161,0,9.0728,3.6183
195,162,0,1.66,7.246
195,165,0,6.6073,10.5544
195,194,0,7.5503,6.7517
196,4,0,3.9003,7.1783
196,23,0,8.2309,4.4146
196,26,0,8.7681,6.7137
196,41,0,9.5222,2.2934
196,49,0,3.0797,9.3541
196,51,0,8.3559,2.8635
196,58,0,2.1555,2.8011
196,60,0,6.8759,1.7718
196,72,0,10.482,1.29
196,79,0,1.0034,10.1494
196,86,0,9.9009,5.3366
196,87,0,9.7753,10.8168
196,95,0,3.7314,8.1229
196,105,0,10.909,7.0142
196,118,0,9.3198,10.61
196,147,18,3.0623,8.4217
196,148,0,8.2119,3.2396
196,151,0,5.9059,1.7688
196,154,0,7.8256,9.0652
196,158,0,4.318,10.8825
196,162,0,7.807,10.2116
196,163,0,2.2614,1.8597
196,165,0,9.4364,3.72
196,171,0,5.0556,8.298
196,178,0,4.8729,6.8657
197,10,0,10.2313,8.1782
197,12,0,9.8235,7.1022
197,14,0,7.9895,4.8031
197,29,22,2.4183,1.7032
197,30,0,4.9539,8.5939
197,35,0,5.5241,8.3238
197,44,0,2.8521,5.6981
197,69,0,10.7679,1.8636
197,75,0,3.1042,6.4489
197,100,0,6.0385,8.7805
197,101,0,9.5725,8.9162
197,102,0,4.1735,5.8274
197,104,0,1.467,4.9874
197,123,0,8.4224,4.001
197,126,0,3.5524,9.0337
197,149,0,8.9287,4.8314
197,167,0,8.0426,9.3105
197,171,0,10.8694,8.8099
197,180,0,7.3636,6.304
197,191,0,6.2011,8.6615
198,12,0,7.0538,4.067
198,35,14,6.9427,5.9793
198,50,0,10.0777,3.8237
198,75,0,5.9289,8.5798
198,91,0,9.7942,3.3426
198,93,0,5.1627,10.236
198,98,0,9.7519,7.7038
198,100,3,4.1956,8.3335
198,106,0,3.3133,3.2661
198,138,0,5.2484,10.3266
198,143,0,3.8777,8.654
198,149,0,4.5638,4.5318
198,167,0,7.4983,3.624
198,172,0,8.4443,5.7417
198,180,0,6.8872,10.3971
198,187,0,10.3541,8.6617
198,199,0,7.2827,4.9171
199,50,0,6.973,8.7039
199,54,0,9.778,4.5177
199,75,17,8.0979,6.8215
199,91,0,8.3681,1.0169
199,93,0,4.5752,8.5732
199,98,22,2.0455,9.6681
199,106,0,4.3331,9.7149
199,142,0,9.9396,1.3828
199,143,0,3.3627,4.1042
199,172,0,7.4723,7.6526
199,180,0,10.0977,1.3615
199,183,0,8.3638,8.0007
199,187,0,9.7557,3.2032
199,198,0,3.2151,5.6872
